  0.499998987       5.00000024E-04
  0.499996990       9.99999000E-04
  0.499993980       1.49999605E-03
  0.499989986       1.99999008E-03
  0.499984980       2.49998015E-03
  0.499978989       2.99996510E-03
  0.499971986       3.49994423E-03
  0.499963999       3.99991637E-03
  0.499954998       4.49988060E-03
  0.499944985       4.99983551E-03
  0.499933988       5.49978064E-03
  0.499921978       5.99971460E-03
  0.499908984       6.49963645E-03
  0.499894977       6.99954526E-03
  0.499879986       7.49944011E-03
  0.499863982       7.99932051E-03
  0.499846995       8.49918462E-03
  0.499828994       8.99903197E-03
  0.499809980       9.49886069E-03
  0.499789983       9.99867078E-03
  0.499768972       1.04984604E-02
  0.499746978       1.09982295E-02
  0.499723971       1.14979763E-02
  0.499699980       1.19976997E-02
  0.499674976       1.24973999E-02
  0.499648958       1.29970750E-02
  0.499621958       1.34967240E-02
  0.499593943       1.39963459E-02
  0.499564946       1.44959399E-02
  0.499534935       1.49955051E-02
  0.499503940       1.54950395E-02
  0.499471933       1.59945432E-02
  0.499438912       1.64940152E-02
  0.499404907       1.69934537E-02
  0.499369889       1.74928587E-02
  0.499333888       1.79922283E-02
  0.499296874       1.84915625E-02
  0.499258876       1.89908594E-02
  0.499219865       1.94901172E-02
  0.499179840       1.99893359E-02
  0.499138832       2.04885155E-02
  0.499096811       2.09876541E-02
  0.499053806       2.14867499E-02
  0.499009788       2.19858028E-02
  0.498964757       2.24848110E-02
  0.498918742       2.29837745E-02
  0.498871714       2.34826915E-02
  0.498823702       2.39815619E-02
  0.498774678       2.44803838E-02
  0.498724669       2.49791574E-02
  0.498673648       2.54778806E-02
  0.498621613       2.59765517E-02
  0.498568594       2.64751706E-02
  0.498514563       2.69737374E-02
  0.498459548       2.74722502E-02
  0.498403519       2.79707070E-02
  0.498346478       2.84691080E-02
  0.498288453       2.89674513E-02
  0.498229414       2.94657368E-02
  0.498169363       2.99639627E-02
  0.498108327       3.04621290E-02
  0.498046279       3.09602339E-02
  0.497983247       3.14582773E-02
  0.497919202       3.19562554E-02
  0.497854143       3.24541703E-02
  0.497788101       3.29520181E-02
  0.497721046       3.34498025E-02
  0.497652978       3.39475200E-02
  0.497583926       3.44451666E-02
  0.497513860       3.49427462E-02
  0.497442812       3.54402550E-02
  0.497370750       3.59376892E-02
  0.497297674       3.64350528E-02
  0.497223616       3.69323418E-02
  0.497148544       3.74295563E-02
  0.497072458       3.79266962E-02
  0.496995389       3.84237580E-02
  0.496917307       3.89207453E-02
  0.496838212       3.94176543E-02
  0.496758133       3.99144813E-02
  0.496677041       4.04112302E-02
  0.496594936       4.09078971E-02
  0.496511847       4.14044783E-02
  0.496427745       4.19009775E-02
  0.496342629       4.23973911E-02
  0.496256530       4.28937189E-02
  0.496169418       4.33899611E-02
  0.496081293       4.38861139E-02
  0.495992184       4.43821810E-02
  0.495902061       4.48781550E-02
  0.495810926       4.53740396E-02
  0.495718777       4.58698310E-02
  0.495625645       4.63655293E-02
  0.495531499       4.68611345E-02
  0.495436341       4.73566465E-02
  0.495340198       4.78520617E-02
  0.495243043       4.83473800E-02
  0.495144874       4.88426015E-02
  0.495045692       4.93377224E-02
  0.494945526       4.98327427E-02
  0.494844347       5.03276624E-02
  0.494742155       5.08224778E-02
  0.494638979       5.13171926E-02
  0.494534791       5.18118031E-02
  0.494429588       5.23063056E-02
  0.494323373       5.28007038E-02
  0.494216174       5.32949939E-02
  0.494107962       5.37891760E-02
  0.493998736       5.42832464E-02
  0.493888497       5.47772087E-02
  0.493777245       5.52710593E-02
  0.493665010       5.57647981E-02
  0.493551761       5.62584214E-02
  0.493437499       5.67519292E-02
  0.493322223       5.72453216E-02
  0.493205965       5.77385984E-02
  0.493088692       5.82317561E-02
  0.492970407       5.87247945E-02
  0.492851108       5.92177138E-02
  0.492730796       5.97105138E-02
  0.492609501       6.02031909E-02
  0.492487192       6.06957451E-02
  0.492363870       6.11881725E-02
  0.492239535       6.16804771E-02
  0.492114186       6.21726550E-02
  0.491987854       6.26647025E-02
  0.491860509       6.31566271E-02
  0.491732150       6.36484176E-02
  0.491602778       6.41400814E-02
  0.491472393       6.46316111E-02
  0.491340995       6.51230067E-02
  0.491208613       6.56142682E-02
  0.491075218       6.61053956E-02
  0.490940809       6.65963888E-02
  0.490805387       6.70872480E-02
  0.490668952       6.75779656E-02
  0.490531504       6.80685416E-02
  0.490393043       6.85589835E-02
  0.490253568       6.90492839E-02
  0.490113109       6.95394427E-02
  0.489971638       7.00294524E-02
  0.489829153       7.05193207E-02
  0.489685655       7.10090399E-02
  0.489541143       7.14986175E-02
  0.489395618       7.19880462E-02
  0.489249080       7.24773258E-02
  0.489101529       7.29664564E-02
  0.488952965       7.34554380E-02
  0.488803387       7.39442632E-02
  0.488652796       7.44329393E-02
  0.488501191       7.49214590E-02
  0.488348573       7.54098222E-02
  0.488194972       7.58980289E-02
  0.488040358       7.63860792E-02
  0.487884730       7.68739730E-02
  0.487728089       7.73617029E-02
  0.487570435       7.78492764E-02
  0.487411767       7.83366859E-02
  0.487252086       7.88239315E-02
  0.487091392       7.93110132E-02
  0.486929685       7.97979310E-02
  0.486766964       8.02846849E-02
  0.486603230       8.07712674E-02
  0.486438483       8.12576860E-02
  0.486272722       8.17439333E-02
  0.486105949       8.22300091E-02
  0.485938162       8.27159137E-02
  0.485769361       8.32016468E-02
  0.485599548       8.36872086E-02
  0.485428721       8.41725916E-02
  0.485256851       8.46578032E-02
  0.485083967       8.51428360E-02
  0.484910071       8.56276900E-02
  0.484735161       8.61123651E-02
  0.484559238       8.65968615E-02
  0.484382302       8.70811716E-02
  0.484204352       8.75653028E-02
  0.484025389       8.80492479E-02
  0.483845413       8.85330066E-02
  0.483664423       8.90165791E-02
  0.483482420       8.94999653E-02
  0.483299375       8.99831653E-02
  0.483115315       9.04661790E-02
  0.482930243       9.09489989E-02
  0.482744157       9.14316252E-02
  0.482557058       9.19140577E-02
  0.482368946       9.23962966E-02
  0.482179821       9.28783417E-02
  0.481989652       9.33601931E-02
  0.481798470       9.38418508E-02
  0.481606275       9.43233073E-02
  0.481413066       9.48045626E-02
  0.481218845       9.52856168E-02
  0.481023610       9.57664698E-02
  0.480827332       9.62471217E-02
  0.480630040       9.67275649E-02
  0.480431736       9.72078070E-02
  0.480232418       9.76878405E-02
  0.480032086       9.81676653E-02
  0.479830712       9.86472815E-02
  0.479628325       9.91266891E-02
  0.479424924       9.96058881E-02
  0.479220510      0.100084871    
  0.479015052      0.100563645    
  0.478808582      0.101042204    
  0.478601098      0.101520546    
  0.478392571      0.101998672    
  0.478183031      0.102476582    
  0.477972478      0.102954268    
  0.477760911      0.103431739    
  0.477548301      0.103908986    
  0.477334678      0.104386009    
  0.477120042      0.104862809    
  0.476904362      0.105339386    
  0.476687670      0.105815738    
  0.476469964      0.106291860    
  0.476251215      0.106767759    
  0.476031452      0.107243426    
  0.475810677      0.107718863    
  0.475588858      0.108194068    
  0.475366026      0.108669035    
  0.475142151      0.109143771    
  0.474917263      0.109618269    
  0.474691361      0.110092536    
  0.474464417      0.110566564    
  0.474236459      0.111040354    
  0.474007457      0.111513898    
  0.473777443      0.111987203    
  0.473546386      0.112460263    
  0.473314315      0.112933084    
  0.473081201      0.113405660    
  0.472847074      0.113877989    
  0.472611934      0.114350066    
  0.472375751      0.114821896    
  0.472138554      0.115293473    
  0.471900314      0.115764804    
  0.471661061      0.116235882    
  0.471420765      0.116706707    
  0.471179456      0.117177278    
  0.470937103      0.117647588    
  0.470693707      0.118117645    
  0.470449299      0.118587442    
  0.470203847      0.119056977    
  0.469957381      0.119526252    
  0.469709873      0.119995266    
  0.469461352      0.120464019    
  0.469211787      0.120932505    
  0.468961179      0.121400729    
  0.468709558      0.121868685    
  0.468456894      0.122336373    
  0.468203217      0.122803792    
  0.467948496      0.123270936    
  0.467692733      0.123737812    
  0.467435956      0.124204412    
  0.467178136      0.124670736    
  0.466919273      0.125136793    
  0.466659397      0.125602573    
  0.466398478      0.126068071    
  0.466136515      0.126533285    
  0.465873539      0.126998216    
  0.465609521      0.127462864    
  0.465344459      0.127927229    
  0.465078354      0.128391311    
  0.464811236      0.128855109    
  0.464543074      0.129318625    
  0.464273870      0.129781842    
  0.464003623      0.130244777    
  0.463732362      0.130707428    
  0.463460058      0.131169781    
  0.463186711      0.131631836    
  0.462912321      0.132093593    
  0.462636888      0.132555068    
  0.462360442      0.133016244    
  0.462082952      0.133477122    
  0.461804420      0.133937687    
  0.461524844      0.134397954    
  0.461244226      0.134857923    
  0.460962564      0.135317594    
  0.460679889      0.135776952    
  0.460396171      0.136236012    
  0.460111409      0.136694759    
  0.459825605      0.137153193    
  0.459538758      0.137611315    
  0.459250867      0.138069123    
  0.458961934      0.138526618    
  0.458671957      0.138983801    
  0.458380938      0.139440671    
  0.458088875      0.139897227    
  0.457795769      0.140353456    
  0.457501620      0.140809372    
  0.457206428      0.141264960    
  0.456910193      0.141720235    
  0.456612915      0.142175183    
  0.456314594      0.142629802    
  0.456015229      0.143084094    
  0.455714822      0.143538058    
  0.455413371      0.143991694    
  0.455110878      0.144445002    
  0.454807341      0.144897982    
  0.454502761      0.145350635    
  0.454197139      0.145802945    
  0.453890473      0.146254927    
  0.453582764      0.146706566    
  0.453274012      0.147157863    
  0.452964187      0.147608817    
  0.452653319      0.148059443    
  0.452341408      0.148509726    
  0.452028453      0.148959652    
  0.451714456      0.149409235    
  0.451399416      0.149858475    
  0.451083302      0.150307372    
  0.450766146      0.150755912    
  0.450447947      0.151204109    
  0.450128704      0.151651949    
  0.449808419      0.152099431    
  0.449487060      0.152546555    
  0.449164659      0.152993321    
  0.448841214      0.153439730    
  0.448516697      0.153885782    
  0.448191136      0.154331475    
  0.447864532      0.154776812    
  0.447536886      0.155221775    
  0.447208166      0.155666381    
  0.446878403      0.156110615    
  0.446547598      0.156554490    
  0.446215719      0.156997994    
  0.445882797      0.157441124    
  0.445548803      0.157883883    
  0.445213765      0.158326268    
  0.444877684      0.158768281    
  0.444540530      0.159209907    
  0.444202334      0.159651160    
  0.443863064      0.160092041    
  0.443522751      0.160532534    
  0.443181396      0.160972640    
  0.442838967      0.161412373    
  0.442495495      0.161851719    
  0.442150950      0.162290677    
  0.441805363      0.162729248    
  0.441458702      0.163167432    
  0.441110998      0.163605213    
  0.440762222      0.164042607    
  0.440412402      0.164479598    
  0.440061510      0.164916202    
  0.439709544      0.165352404    
  0.439356536      0.165788203    
  0.439002454      0.166223615    
  0.438647330      0.166658625    
  0.438291132      0.167093232    
  0.437933862      0.167527422    
  0.437575549      0.167961210    
  0.437216163      0.168394595    
  0.436855704      0.168827564    
  0.436494201      0.169260129    
  0.436131626      0.169692278    
  0.435767978      0.170124009    
  0.435403287      0.170555323    
  0.435037524      0.170986220    
  0.434670687      0.171416700    
  0.434302777      0.171846762    
  0.433933824      0.172276407    
  0.433563799      0.172705621    
  0.433192700      0.173134416    
  0.432820529      0.173562780    
  0.432447314      0.173990726    
  0.432073027      0.174418241    
  0.431697667      0.174845323    
  0.431321234      0.175271973    
  0.430943727      0.175698191    
  0.430565149      0.176123962    
  0.430185497      0.176549301    
  0.429804802      0.176974207    
  0.429423034      0.177398667    
  0.429040194      0.177822679    
  0.428656280      0.178246260    
  0.428271294      0.178669393    
  0.427885234      0.179092079    
  0.427498102      0.179514319    
  0.427109897      0.179936096    
  0.426720619      0.180357426    
  0.426330268      0.180778310    
  0.425938845      0.181198731    
  0.425546348      0.181618690    
  0.425152779      0.182038203    
  0.424758136      0.182457253    
  0.424362421      0.182875842    
  0.423965633      0.183293968    
  0.423567772      0.183711633    
  0.423168838      0.184128821    
  0.422768801      0.184545547    
  0.422367692      0.184961796    
  0.421965510      0.185377583    
  0.421562254      0.185792893    
  0.421157926      0.186207727    
  0.420752525      0.186622083    
  0.420346022      0.187035963    
  0.419938445      0.187449366    
  0.419529796      0.187862277    
  0.419120073      0.188274711    
  0.418709278      0.188686654    
  0.418297380      0.189098120    
  0.417884409      0.189509094    
  0.417470366      0.189919576    
  0.417055219      0.190329567    
  0.416639000      0.190739065    
  0.416221708      0.191148058    
  0.415803313      0.191556558    
  0.415383846      0.191964567    
  0.414963305      0.192372069    
  0.414541662      0.192779064    
  0.414118946      0.193185553    
  0.413695157      0.193591535    
  0.413270265      0.193997011    
  0.412844300      0.194401979    
  0.412417233      0.194806442    
  0.411989093      0.195210382    
  0.411559850      0.195613816    
  0.411129534      0.196016729    
  0.410698116      0.196419120    
  0.410265625      0.196820989    
  0.409832031      0.197222337    
  0.409397364      0.197623163    
  0.408961594      0.198023468    
  0.408524752      0.198423237    
  0.408086807      0.198822483    
  0.407647759      0.199221194    
  0.407207638      0.199619368    
  0.406766415      0.200017020    
  0.406324118      0.200414136    
  0.405880719      0.200810701    
  0.405436218      0.201206729    
  0.404990643      0.201602221    
  0.404543966      0.201997161    
  0.404096186      0.202391565    
  0.403647304      0.202785417    
  0.403197348      0.203178719    
  0.402746290      0.203571469    
  0.402294129      0.203963667    
  0.401840866      0.204355299    
  0.401386529      0.204746380    
  0.400931090      0.205136895    
  0.400474548      0.205526859    
  0.400016904      0.205916256    
  0.399558157      0.206305087    
  0.399098307      0.206693351    
  0.398637384      0.207081050    
  0.398175359      0.207468167    
  0.397712231      0.207854718    
  0.397248000      0.208240688    
  0.396782666      0.208626091    
  0.396316230      0.209010914    
  0.395848691      0.209395155    
  0.395380050      0.209778816    
  0.394910306      0.210161880    
  0.394439459      0.210544363    
  0.393967509      0.210926250    
  0.393494457      0.211307555    
  0.393020302      0.211688265    
  0.392545044      0.212068379    
  0.392068684      0.212447897    
  0.391591221      0.212826818    
  0.391112655      0.213205144    
  0.390632987      0.213582858    
  0.390152186      0.213959962    
  0.389670283      0.214336470    
  0.389187276      0.214712366    
  0.388703167      0.215087652    
  0.388217956      0.215462327    
  0.387731642      0.215836376    
  0.387244195      0.216209814    
  0.386755645      0.216582626    
  0.386265993      0.216954827    
  0.385775238      0.217326403    
  0.385283351      0.217697352    
  0.384790361      0.218067676    
  0.384296268      0.218437359    
  0.383801043      0.218806416    
  0.383304715      0.219174832    
  0.382807285      0.219542623    
  0.382308722      0.219909772    
  0.381809056      0.220276281    
  0.381308287      0.220642149    
  0.380806386      0.221007362    
  0.380303383      0.221371934    
  0.379799247      0.221735850    
  0.379294008      0.222099125    
  0.378787637      0.222461745    
  0.378280163      0.222823709    
  0.377771556      0.223185003    
  0.377261847      0.223545641    
  0.376751006      0.223905623    
  0.376239061      0.224264935    
  0.375725985      0.224623576    
  0.375211805      0.224981546    
  0.374696493      0.225338846    
  0.374180049      0.225695476    
  0.373662502      0.226051435    
  0.373143822      0.226406708    
  0.372624040      0.226761296    
  0.372103125      0.227115214    
  0.371581078      0.227468446    
  0.371057898      0.227820978    
  0.370533615      0.228172824    
  0.370008200      0.228523985    
  0.369481653      0.228874445    
  0.368954003      0.229224205    
  0.368425220      0.229573265    
  0.367895305      0.229921624    
  0.367364258      0.230269283    
  0.366832078      0.230616242    
  0.366298795      0.230962485    
  0.365764380      0.231308013    
  0.365228832      0.231652826    
  0.364692152      0.231996924    
  0.364154339      0.232340306    
  0.363615394      0.232682973    
  0.363075316      0.233024910    
  0.362534106      0.233366132    
  0.361991763      0.233706623    
  0.361448288      0.234046385    
  0.360903710      0.234385416    
  0.360358000      0.234723702    
  0.359811157      0.235061258    
  0.359263182      0.235398069    
  0.358714044      0.235734135    
  0.358163774      0.236069456    
  0.357612371      0.236404032    
  0.357059836      0.236737862    
  0.356506169      0.237070933    
  0.355951369      0.237403259    
  0.355395436      0.237734824    
  0.354838371      0.238065630    
  0.354280174      0.238395661    
  0.353720814      0.238724932    
  0.353160322      0.239053443    
  0.352598697      0.239381179    
  0.352035940      0.239708140    
  0.351472050      0.240034327    
  0.350906998      0.240359738    
  0.350340813      0.240684360    
  0.349773496      0.241008207    
  0.349205047      0.241331264    
  0.348635435      0.241653532    
  0.348064691      0.241975009    
  0.347492814      0.242295697    
  0.346919775      0.242615581    
  0.346345603      0.242934659    
  0.345770299      0.243252948    
  0.345193833      0.243570432    
  0.344616234      0.243887097    
  0.344037473      0.244202957    
  0.343457580      0.244517997    
  0.342876554      0.244832233    
  0.342294365      0.245145649    
  0.341711044      0.245458245    
  0.341126561      0.245770007    
  0.340540946      0.246080950    
  0.339954168      0.246391058    
  0.339366257      0.246700332    
  0.338777184      0.247008771    
  0.338186949      0.247316375    
  0.337595582      0.247623146    
  0.337003052      0.247929066    
  0.336409390      0.248234138    
  0.335814565      0.248538360    
  0.335218579      0.248841733    
  0.334621459      0.249144256    
  0.334023178      0.249445915    
  0.333423734      0.249746710    
  0.332823157      0.250046641    
  0.332221419      0.250345707    
  0.331618518      0.250643909    
  0.331014484      0.250941247    
  0.330409288      0.251237690    
  0.329802930      0.251533270    
  0.329195410      0.251827955    
  0.328586757      0.252121776    
  0.327976942      0.252414703    
  0.327365965      0.252706736    
  0.326753825      0.252997875    
  0.326140523      0.253288120    
  0.325526059      0.253577471    
  0.324910462      0.253865927    
  0.324293703      0.254153460    
  0.323675781      0.254440099    
  0.323056698      0.254725814    
  0.322436452      0.255010605    
  0.321815044      0.255294502    
  0.321192473      0.255577475    
  0.320568740      0.255859524    
  0.319943845      0.256140649    
  0.319317788      0.256420821    
  0.318690568      0.256700069    
  0.318062186      0.256978393    
  0.317432642      0.257255763    
  0.316801935      0.257532179    
  0.316170067      0.257807672    
  0.315537035      0.258082211    
  0.314902842      0.258355796    
  0.314267486      0.258628428    
  0.313630968      0.258900106    
  0.312993288      0.259170800    
  0.312354416      0.259440541    
  0.311714381      0.259709299    
  0.311073184      0.259977102    
  0.310430825      0.260243922    
  0.309787303      0.260509759    
  0.309142619      0.260774612    
  0.308496743      0.261038482    
  0.307849705      0.261301368    
  0.307201505      0.261563271    
  0.306552142      0.261824161    
  0.305901617      0.262084067    
  0.305249900      0.262342960    
  0.304597020      0.262600839    
  0.303942978      0.262857735    
  0.303287745      0.263113618    
  0.302631348      0.263368487    
  0.301973790      0.263622314    
  0.301315039      0.263875127    
  0.300655127      0.264126927    
  0.299994051      0.264377683    
  0.299331784      0.264627397    
  0.298668355      0.264876068    
  0.298003763      0.265123725    
  0.297337979      0.265370309    
  0.296671033      0.265615851    
  0.296002895      0.265860349    
  0.295333594      0.266103804    
  0.294663131      0.266346186    
  0.293991476      0.266587496    
  0.293318659      0.266827762    
  0.292644650      0.267066956    
  0.291969478      0.267305076    
  0.291293114      0.267542124    
  0.290615588      0.267778069    
  0.289936870      0.268012941    
  0.289256990      0.268246710    
  0.288575917      0.268479407    
  0.287893683      0.268711001    
  0.287210256      0.268941492    
  0.286525667      0.269170880    
  0.285839885      0.269399166    
  0.285152942      0.269626349    
  0.284464806      0.269852400    
  0.283775479      0.270077348    
  0.283084989      0.270301163    
  0.282393306      0.270523846    
  0.281700462      0.270745397    
  0.281006426      0.270965815    
  0.280311197      0.271185100    
  0.279614806      0.271403223    
  0.278917223      0.271620214    
  0.278218448      0.271836042    
  0.277518511      0.272050738    
  0.276817381      0.272264272    
  0.276115060      0.272476643    
  0.275411576      0.272687852    
  0.274706900      0.272897869    
  0.274001032      0.273106724    
  0.273294002      0.273314387    
  0.272585779      0.273520887    
  0.271876365      0.273726195    
  0.271165758      0.273930311    
  0.270453990      0.274133235    
  0.269741029      0.274334937    
  0.269026875      0.274535447    
  0.268311560      0.274734735    
  0.267595053      0.274932832    
  0.266877353      0.275129706    
  0.266158462      0.275325358    
  0.265438408      0.275519788    
  0.264717162      0.275712967    
  0.263994724      0.275904924    
  0.263271093      0.276095659    
  0.262546271      0.276285142    
  0.261820287      0.276473373    
  0.261093110      0.276660353    
  0.260364741      0.276846081    
  0.259635180      0.277030528    
  0.258904457      0.277213722    
  0.258172542      0.277395636    
  0.257439435      0.277576298    
  0.256705135      0.277755678    
  0.255969644      0.277933776    
  0.255232990      0.278110564    
  0.254495144      0.278286070    
  0.253756106      0.278460294    
  0.253015876      0.278633207    
  0.252274454      0.278804809    
  0.251531869      0.278975099    
  0.250788093      0.279144078    
  0.250043124      0.279311746    
  0.249296963      0.279478073    
  0.248549625      0.279643059    
  0.247801095      0.279806733    
  0.247051373      0.279969066    
  0.246300474      0.280130059    
  0.245548382      0.280289680    
  0.244795099      0.280447960    
  0.244040638      0.280604869    
  0.243284985      0.280760407    
  0.242528155      0.280914605    
  0.241770133      0.281067401    
  0.241010919      0.281218827    
  0.240250528      0.281368881    
  0.239488944      0.281517535    
  0.238726184      0.281664789    
  0.237962231      0.281810641    
  0.237197086      0.281955093    
  0.236430764      0.282098144    
  0.235663250      0.282239795    
  0.234894559      0.282380015    
  0.234124675      0.282518804    
  0.233353615      0.282656163    
  0.232581362      0.282792091    
  0.231807932      0.282926589    
  0.231033310      0.283059627    
  0.230257511      0.283191234    
  0.229480520      0.283321381    
  0.228702351      0.283450067    
  0.227923006      0.283577263    
  0.227142468      0.283702999    
  0.226360753      0.283827245    
  0.225577846      0.283950031    
  0.224793762      0.284071326    
  0.224008501      0.284191132    
  0.223222047      0.284309417    
  0.222434416      0.284426212    
  0.221645609      0.284541488    
  0.220855623      0.284655243    
  0.220064446      0.284767479    
  0.219272092      0.284878194    
  0.218478560      0.284987360    
  0.217683852      0.285095006    
  0.216887966      0.285201102    
  0.216090903      0.285305649    
  0.215292647      0.285408646    
  0.214493215      0.285510063    
  0.213692605      0.285609931    
  0.212890819      0.285708219    
  0.212087855      0.285804927    
  0.211283728      0.285900056    
  0.210478425      0.285993576    
  0.209671944      0.286085516    
  0.208864287      0.286175847    
  0.208055452      0.286264569    
  0.207245439      0.286351681    
  0.206434265      0.286437184    
  0.205621913      0.286521047    
  0.204808384      0.286603272    
  0.203993693      0.286683857    
  0.203177825      0.286762804    
  0.202360794      0.286840111    
  0.201542586      0.286915749    
  0.200723216      0.286989719    
  0.199902669      0.287062019    
  0.199080959      0.287132651    
  0.198258087      0.287201583    
  0.197434038      0.287268847    
  0.196608827      0.287334412    
  0.195782453      0.287398279    
  0.194954917      0.287460417    
  0.194126219      0.287520856    
  0.193296358      0.287579566    
  0.192465335      0.287636548    
  0.191633150      0.287691802    
  0.190799803      0.287745297    
  0.189965293      0.287797064    
  0.189129636      0.287847072    
  0.188292816      0.287895322    
  0.187454835      0.287941784    
  0.186615705      0.287986487    
  0.185775414      0.288029402    
  0.184933975      0.288070530    
  0.184091389      0.288109869    
  0.183247641      0.288147390    
  0.182402745      0.288183123    
  0.181556702      0.288217038    
  0.180709511      0.288249135    
  0.179861173      0.288279384    
  0.179011688      0.288307816    
  0.178161055      0.288334399    
  0.177309275      0.288359135    
  0.176456362      0.288381994    
  0.175602302      0.288403004    
  0.174747109      0.288422137    
  0.173890769      0.288439393    
  0.173033297      0.288454741    
  0.172174677      0.288468212    
  0.171314925      0.288479775    
  0.170454040      0.288489431    
  0.169592023      0.288497150    
  0.168728873      0.288502961    
  0.167864591      0.288506836    
  0.166999191      0.288508773    
  0.166132659      0.288508773    
  0.165265009      0.288506806    
  0.164396226      0.288502872    
  0.163526326      0.288496971    
  0.162655309      0.288489103    
  0.161783159      0.288479239    
  0.160909891      0.288467377    
  0.160035521      0.288453519    
  0.159160033      0.288437665    
  0.158283427      0.288419783    
  0.157405704      0.288399875    
  0.156526878      0.288377941    
  0.155646950      0.288353950    
  0.154765904      0.288327932    
  0.153883755      0.288299859    
  0.153000504      0.288269699    
  0.152116165      0.288237482    
  0.151230723      0.288203180    
  0.150344178      0.288166791    
  0.149456546      0.288128287    
  0.148567811      0.288087696    
  0.147677988      0.288044989    
  0.146787077      0.288000166    
  0.145895079      0.287953198    
  0.145002007      0.287904084    
  0.144107848      0.287852824    
  0.143212602      0.287799418    
  0.142316282      0.287743837    
  0.141418889      0.287686080    
  0.140520424      0.287626147    
  0.139620885      0.287564009    
  0.138720274      0.287499666    
  0.137818605      0.287433118    
  0.136915863      0.287364364    
  0.136012062      0.287293375    
  0.135107204      0.287220150    
  0.134201288      0.287144691    
  0.133294329      0.287066966    
  0.132386312      0.286986977    
  0.131477252      0.286904722    
  0.130567133      0.286820173    
  0.129655972      0.286733329    
  0.128743783      0.286644191    
  0.127830550      0.286552757    
  0.126916289      0.286458999    
  0.126000986      0.286362916    
  0.125084653      0.286264479    
  0.124167301      0.286163718    
  0.123248927      0.286060601    
  0.122329533      0.285955101    
  0.121409126      0.285847217    
  0.120487697      0.285736948    
  0.119565263      0.285624295    
  0.118641824      0.285509229    
  0.117717378      0.285391748    
  0.116791934      0.285271853    
  0.115865491      0.285149515    
  0.114938058      0.285024732    
  0.114009634      0.284897506    
  0.113080218      0.284767807    
  0.112149827      0.284635633    
  0.111218452      0.284500986    
  0.110286102      0.284363836    
  0.109352782      0.284224182    
  0.108418494      0.284081995    
  0.107483238      0.283937305    
  0.106547028      0.283790052    
  0.105609857      0.283640265    
  0.104671732      0.283487916    
  0.103732660      0.283333004    
  0.102792643      0.283175498    
  0.101851687      0.283015430    
  0.100909799      0.282852739    
   9.99669805E-02  0.282687455    
   9.90232304E-02  0.282519549    
   9.80785564E-02  0.282348990    
   9.71329659E-02  0.282175809    
   9.61864665E-02  0.281999975    
   9.52390507E-02  0.281821460    
   9.42907333E-02  0.281640261    
   9.33415145E-02  0.281456381    
   9.23914015E-02  0.281269819    
   9.14404020E-02  0.281080544    
   9.04885158E-02  0.280888557    
   8.95357504E-02  0.280693829    
   8.85821059E-02  0.280496359    
   8.76275972E-02  0.280296117    
   8.66722167E-02  0.280093104    
   8.57159793E-02  0.279887319    
   8.47588852E-02  0.279678762    
   8.38009417E-02  0.279467404    
   8.28421563E-02  0.279253215    
   8.18825364E-02  0.279036194    
   8.09220821E-02  0.278816342    
   7.99608007E-02  0.278593659    
   7.89986998E-02  0.278368115    
   7.80357793E-02  0.278139681    
   7.70720541E-02  0.277908385    
   7.61075243E-02  0.277674168    
   7.51421973E-02  0.277437061    
   7.41760805E-02  0.277197033    
   7.32091740E-02  0.276954055    
   7.22414926E-02  0.276708156    
   7.12730363E-02  0.276459277    
   7.03038201E-02  0.276207447    
   6.93338439E-02  0.275952637    
   6.83631152E-02  0.275694817    
   6.73916414E-02  0.275433987    
   6.64194226E-02  0.275170147    
   6.54464737E-02  0.274903268    
   6.44728020E-02  0.274633348    
   6.34984076E-02  0.274360359    
   6.25233054E-02  0.274084300    
   6.15474992E-02  0.273805171    
   6.05709963E-02  0.273522943    
   5.95938079E-02  0.273237586    
   5.86159378E-02  0.272949129    
   5.76373935E-02  0.272657514    
   5.66581823E-02  0.272362769    
   5.56783155E-02  0.272064865    
   5.46977967E-02  0.271763772    
   5.37166372E-02  0.271459490    
   5.27348444E-02  0.271152020    
   5.17524257E-02  0.270841330    
   5.07693887E-02  0.270527393    
   4.97857444E-02  0.270210207    
   4.88015004E-02  0.269889772    
   4.78166640E-02  0.269566059    
   4.68312465E-02  0.269239068    
   4.58452553E-02  0.268908799    
   4.48586978E-02  0.268575191    
   4.38715853E-02  0.268238276    
   4.28839251E-02  0.267898023    
   4.18957286E-02  0.267554402    
   4.09070067E-02  0.267207414    
   3.99177670E-02  0.266857058    
   3.89280170E-02  0.266503304    
   3.79377715E-02  0.266146123    
   3.69470380E-02  0.265785515    
   3.59558240E-02  0.265421480    
   3.49641442E-02  0.265053988    
   3.39720063E-02  0.264683038    
   3.29794213E-02  0.264308602    
   3.19864005E-02  0.263930678    
   3.09929531E-02  0.263549238    
   2.99990922E-02  0.263164282    
   2.90048271E-02  0.262775779    
   2.80101690E-02  0.262383699    
   2.70151310E-02  0.261988074    
   2.60197222E-02  0.261588842    
   2.50239559E-02  0.261186033    
   2.40278430E-02  0.260779589    
   2.30313949E-02  0.260369539    
   2.20346246E-02  0.259955823    
   2.10375451E-02  0.259538442    
   2.00401675E-02  0.259117395    
   1.90425050E-02  0.258692652    
   1.80445686E-02  0.258264214    
   1.70463733E-02  0.257832050    
   1.60479303E-02  0.257396162    
   1.50492536E-02  0.256956518    
   1.40503561E-02  0.256513089    
   1.30512519E-02  0.256065905    
   1.20519539E-02  0.255614907    
   1.10524762E-02  0.255160093    
   1.00528318E-02  0.254701465    
   9.05303657E-03  0.254238993    
   8.05310346E-03  0.253772646    
   7.05304742E-03  0.253302425    
   6.05288288E-03  0.252828300    
   5.05262474E-03  0.252350271    
   4.05228790E-03  0.251868337    
   3.05188773E-03  0.251382470    
   2.05143960E-03  0.250892639    
   1.05095899E-03  0.250398844    
   5.04617237E-05  0.249901056    
  -9.50036396E-04  0.249399260    
  -1.95051928E-03  0.248893440    
  -2.95097055E-03  0.248383582    
  -3.95137351E-03  0.247869670    
  -4.95171174E-03  0.247351691    
  -5.95196802E-03  0.246829629    
  -6.95212558E-03  0.246303469    
  -7.95216672E-03  0.245773196    
  -8.95207468E-03  0.245238796    
  -9.95183084E-03  0.244700238    
  -1.09514175E-02  0.244157523    
  -1.19508170E-02  0.243610620    
  -1.29500106E-02  0.243059531    
  -1.39489798E-02  0.242504224    
  -1.49477050E-02  0.241944686    
  -1.59461685E-02  0.241380900    
  -1.69443507E-02  0.240812853    
  -1.79422311E-02  0.240240529    
  -1.89397912E-02  0.239663899    
  -1.99370105E-02  0.239082962    
  -2.09338684E-02  0.238497704    
  -2.19303444E-02  0.237908095    
  -2.29264181E-02  0.237314120    
  -2.39220690E-02  0.236715779    
  -2.49172766E-02  0.236113042    
  -2.59120185E-02  0.235505894    
  -2.69062743E-02  0.234894320    
  -2.79000197E-02  0.234278291    
  -2.88932342E-02  0.233657807    
  -2.98858956E-02  0.233032852    
  -3.08779813E-02  0.232403398    
  -3.18694673E-02  0.231769443    
  -3.28603312E-02  0.231130958    
  -3.38505507E-02  0.230487928    
  -3.48400995E-02  0.229840338    
  -3.58289555E-02  0.229188174    
  -3.68170924E-02  0.228531420    
  -3.78044881E-02  0.227870062    
  -3.87911163E-02  0.227204084    
  -3.97769548E-02  0.226533473    
  -4.07619737E-02  0.225858197    
  -4.17461507E-02  0.225178257    
  -4.27294597E-02  0.224493623    
  -4.37118709E-02  0.223804295    
  -4.46933620E-02  0.223110244    
  -4.56739068E-02  0.222411454    
  -4.66534756E-02  0.221707925    
  -4.76320386E-02  0.220999628    
  -4.86095734E-02  0.220286548    
  -4.95860502E-02  0.219568670    
  -5.05614392E-02  0.218845978    
  -5.15357107E-02  0.218118459    
  -5.25088385E-02  0.217386097    
  -5.34807928E-02  0.216648877    
  -5.44515438E-02  0.215906784    
  -5.54210618E-02  0.215159804    
  -5.63893169E-02  0.214407921    
  -5.73562793E-02  0.213651106    
  -5.83219156E-02  0.212889358    
  -5.92861958E-02  0.212122664    
  -6.02490902E-02  0.211351007    
  -6.12105653E-02  0.210574374    
  -6.21705912E-02  0.209792748    
  -6.31291345E-02  0.209006116    
  -6.40861616E-02  0.208214462    
  -6.50416389E-02  0.207417771    
  -6.59955293E-02  0.206616044    
  -6.69478029E-02  0.205809250    
  -6.78984299E-02  0.204997376    
  -6.88473657E-02  0.204180419    
  -6.97945803E-02  0.203358352    
  -7.07400441E-02  0.202531174    
  -7.16837123E-02  0.201698869    
  -7.26255551E-02  0.200861424    
  -7.35655352E-02  0.200018823    
  -7.45036155E-02  0.199171051    
  -7.54397586E-02  0.198318109    
  -7.63739273E-02  0.197459981    
  -7.73060843E-02  0.196596637    
  -7.82361925E-02  0.195728093    
  -7.91642144E-02  0.194854319    
  -8.00901055E-02  0.193975314    
  -8.10138285E-02  0.193091050    
  -8.19353461E-02  0.192201540    
  -8.28546211E-02  0.191306755    
  -8.37716088E-02  0.190406695    
  -8.46862718E-02  0.189501345    
  -8.55985656E-02  0.188590690    
  -8.65084529E-02  0.187674731    
  -8.74158889E-02  0.186753467    
  -8.83208290E-02  0.185826868    
  -8.92232358E-02  0.184894934    
  -9.01230648E-02  0.183957666    
  -9.10202712E-02  0.183015049    
  -9.19148102E-02  0.182067066    
  -9.28066447E-02  0.181113720    
  -9.36957225E-02  0.180155009    
  -9.45820063E-02  0.179190919    
  -9.54654440E-02  0.178221434    
  -9.63459983E-02  0.177246556    
  -9.72236171E-02  0.176266283    
  -9.80982557E-02  0.175280616    
  -9.89698693E-02  0.174289539    
  -9.98384133E-02  0.173293054    
 -0.100703835      0.172291145    
 -0.101566091      0.171283811    
 -0.102425128      0.170271069    
 -0.103280902      0.169252887    
 -0.104133360      0.168229282    
 -0.104982458      0.167200252    
 -0.105828144      0.166165784    
 -0.106670372      0.165125892    
 -0.107509091      0.164080560    
 -0.108344249      0.163029790    
 -0.109175794      0.161973596    
 -0.110003680      0.160911962    
 -0.110827848      0.159844890    
 -0.111648254      0.158772394    
 -0.112464845      0.157694474    
 -0.113277562      0.156611130    
 -0.114086360      0.155522361    
 -0.114891179      0.154428169    
 -0.115691975      0.153328568    
 -0.116488688      0.152223557    
 -0.117281266      0.151113138    
 -0.118069656      0.149997324    
 -0.118853800      0.148876116    
 -0.119633645      0.147749528    
 -0.120409139      0.146617562    
 -0.121180229      0.145480230    
 -0.121946849      0.144337535    
 -0.122708954      0.143189490    
 -0.123466484      0.142036110    
 -0.124219380      0.140877411    
 -0.124967590      0.139713392    
 -0.125711054      0.138544068    
 -0.126449719      0.137369454    
 -0.127183527      0.136189565    
 -0.127912417      0.135004416    
 -0.128636345      0.133814022    
 -0.129355237      0.132618397    
 -0.130069047      0.131417558    
 -0.130777717      0.130211517    
 -0.131481186      0.129000291    
 -0.132179394      0.127783909    
 -0.132872283      0.126562387    
 -0.133559793      0.125335738    
 -0.134241879      0.124103993    
 -0.134918466      0.122867174    
 -0.135589495      0.121625297    
 -0.136254922      0.120378390    
 -0.136914685      0.119126476    
 -0.137568712      0.117869578    
 -0.138216957      0.116607726    
 -0.138859361      0.115340941    
 -0.139495865      0.114069253    
 -0.140126407      0.112792693    
 -0.140750930      0.111511290    
 -0.141369373      0.110225074    
 -0.141981691      0.108934075    
 -0.142587811      0.107638322    
 -0.143187672      0.106337853    
 -0.143781230      0.105032697    
 -0.144368425      0.103722885    
 -0.144949183      0.102408461    
 -0.145523459      0.101089455    
 -0.146091208       9.97659042E-02
 -0.146652356       9.84378532E-02
 -0.147206843       9.71053317E-02
 -0.147754624       9.57683846E-02
 -0.148295641       9.44270566E-02
 -0.148829833       9.30813774E-02
 -0.149357140       9.17313993E-02
 -0.149877518       9.03771594E-02
 -0.150390908       8.90187100E-02
 -0.150897250       8.76560882E-02
 -0.151396498       8.62893462E-02
 -0.151888594       8.49185288E-02
 -0.152373478       8.35436806E-02
 -0.152851105       8.21648538E-02
 -0.153321415       8.07820931E-02
 -0.153784364       7.93954507E-02
 -0.154239908       7.80049786E-02
 -0.154687971       7.66107291E-02
 -0.155128524       7.52127618E-02
 -0.155561507       7.38111213E-02
 -0.155986875       7.24058673E-02
 -0.156404570       7.09970519E-02
 -0.156814545       6.95847347E-02
 -0.157216758       6.81689754E-02
 -0.157611161       6.67498261E-02
 -0.157997712       6.53273538E-02
 -0.158376351       6.39016107E-02
 -0.158747047       6.24726601E-02
 -0.159109756       6.10405654E-02
 -0.159464419       5.96053861E-02
 -0.159811005       5.81671856E-02
 -0.160149470       5.67260310E-02
 -0.160479769       5.52819818E-02
 -0.160801858       5.38351089E-02
 -0.161115706       5.23854755E-02
 -0.161421269       5.09331487E-02
 -0.161718518       4.94781956E-02
 -0.162007406       4.80206870E-02
 -0.162287906       4.65606898E-02
 -0.162559971       4.50982712E-02
 -0.162823573       4.36335057E-02
 -0.163078666       4.21664640E-02
 -0.163325235       4.06972170E-02
 -0.163563237       3.92258354E-02
 -0.163792655       3.77523936E-02
 -0.164013445       3.62769626E-02
 -0.164225578       3.47996205E-02
 -0.164429039       3.33204381E-02
 -0.164623797       3.18394899E-02
 -0.164809823       3.03568542E-02
 -0.164987087       2.88726073E-02
 -0.165155575       2.73868237E-02
 -0.165315270       2.58995797E-02
 -0.165466145       2.44109537E-02
 -0.165608183       2.29210239E-02
 -0.165741354       2.14298684E-02
 -0.165865645       1.99375656E-02
 -0.165981039       1.84441935E-02
 -0.166087538       1.69498306E-02
 -0.166185111       1.54545577E-02
 -0.166273743       1.39584532E-02
 -0.166353434       1.24615980E-02
 -0.166424155       1.09640714E-02
 -0.166485921       9.46595427E-03
 -0.166538700       7.96732679E-03
 -0.166582495       6.46826951E-03
 -0.166617304       4.96886345E-03
 -0.166643128       3.46918916E-03
 -0.166659951       1.96932745E-03
 -0.166667774       4.69359453E-04
 -0.166666597      -1.03063392E-03
 -0.166656420      -2.53057154E-03
 -0.166637242      -4.03037248E-03
 -0.166609079      -5.52995596E-03
 -0.166571915      -7.02924095E-03
 -0.166525766      -8.52814689E-03
 -0.166470632      -1.00265928E-02
 -0.166406527      -1.15244985E-02
 -0.166333467      -1.30217830E-02
 -0.166251451      -1.45183671E-02
 -0.166160494      -1.60141699E-02
 -0.166060597      -1.75091121E-02
 -0.165951788      -1.90031137E-02
 -0.165834084      -2.04960965E-02
 -0.165707484      -2.19879802E-02
 -0.165572017      -2.34786887E-02
 -0.165427700      -2.49681417E-02
 -0.165274546      -2.64562611E-02
 -0.165112585      -2.79429704E-02
 -0.164941832      -2.94281915E-02
 -0.164762318      -3.09118479E-02
 -0.164574057      -3.23938653E-02
 -0.164377078      -3.38741653E-02
 -0.164171413      -3.53526734E-02
 -0.163957074      -3.68293151E-02
 -0.163734093      -3.83040197E-02
 -0.163502514      -3.97767089E-02
 -0.163262352      -4.12473120E-02
 -0.163013637      -4.27157544E-02
 -0.162756413      -4.41819653E-02
 -0.162490711      -4.56458740E-02
 -0.162216559      -4.71074097E-02
 -0.161933988      -4.85665016E-02
 -0.161643043      -5.00230789E-02
 -0.161343753      -5.14770746E-02
 -0.161036164      -5.29284216E-02
 -0.160720304      -5.43770529E-02
 -0.160396218      -5.58229014E-02
 -0.160063937      -5.72659001E-02
 -0.159723520      -5.87059855E-02
 -0.159374997      -6.01430908E-02
 -0.159018412      -6.15771562E-02
 -0.158653811      -6.30081147E-02
 -0.158281237      -6.44359067E-02
 -0.157900736      -6.58604726E-02
 -0.157512352      -6.72817528E-02
 -0.157116130      -6.86996803E-02
 -0.156712115      -7.01142028E-02
 -0.156300366      -7.15252608E-02
 -0.155880913      -7.29328021E-02
 -0.155453816      -7.43367672E-02
 -0.155019134      -7.57370964E-02
 -0.154576898      -7.71337375E-02
 -0.154127166      -7.85266384E-02
 -0.153669983      -7.99157470E-02
 -0.153205410      -8.13010111E-02
 -0.152733505      -8.26823786E-02
 -0.152254313      -8.40598047E-02
 -0.151767880      -8.54332298E-02
 -0.151274264      -8.68026167E-02
 -0.150773525      -8.81679133E-02
 -0.150265709      -8.95290747E-02
 -0.149750873      -9.08860490E-02
 -0.149229065      -9.22387987E-02
 -0.148700356      -9.35872793E-02
 -0.148164794      -9.49314460E-02
 -0.147622436      -9.62712541E-02
 -0.147073328      -9.76066664E-02
 -0.146517530      -9.89376456E-02
 -0.145955116     -0.100264147    
 -0.145386130     -0.101586133    
 -0.144810617     -0.102903567    
 -0.144228652     -0.104216412    
 -0.143640295     -0.105524629    
 -0.143045589     -0.106828190    
 -0.142444596     -0.108127058    
 -0.141837373     -0.109421201    
 -0.141223982     -0.110710584    
 -0.140604481     -0.111995175    
 -0.139978930     -0.113274947    
 -0.139347389     -0.114549868    
 -0.138709918     -0.115819909    
 -0.138066560     -0.117085047    
 -0.137417391     -0.118345253    
 -0.136762455     -0.119600497    
 -0.136101827     -0.120850757    
 -0.135435551     -0.122096002    
 -0.134763688     -0.123336211    
 -0.134086311     -0.124571368    
 -0.133403465     -0.125801444    
 -0.132715210     -0.127026424    
 -0.132021591     -0.128246278    
 -0.131322682     -0.129460990    
 -0.130618542     -0.130670533    
 -0.129909217     -0.131874904    
 -0.129194781     -0.133074075    
 -0.128475279     -0.134268031    
 -0.127750769     -0.135456756    
 -0.127021313     -0.136640236    
 -0.126286969     -0.137818456    
 -0.125547796     -0.138991401    
 -0.124803841     -0.140159056    
 -0.124055162     -0.141321406    
 -0.123301826     -0.142478451    
 -0.122543879     -0.143630162    
 -0.121781379     -0.144776538    
 -0.121014386     -0.145917580    
 -0.120242953     -0.147053257    
 -0.119467132     -0.148183569    
 -0.118686981     -0.149308518    
 -0.117902555     -0.150428087    
 -0.117113903     -0.151542261    
 -0.116321087     -0.152651042    
 -0.115524158     -0.153754428    
 -0.114723168     -0.154852420    
 -0.113918170     -0.155945003    
 -0.113109216     -0.157032162    
 -0.112296358     -0.158113912    
 -0.111479655     -0.159190238    
 -0.110659152     -0.160261139    
 -0.109834909     -0.161326617    
 -0.109006971     -0.162386671    
 -0.108175389     -0.163441300    
 -0.107340217     -0.164490506    
 -0.106501497     -0.165534288    
 -0.105659291     -0.166572645    
 -0.104813643     -0.167605564    
 -0.103964604     -0.168633059    
 -0.103112221     -0.169655129    
 -0.102256544     -0.170671791    
 -0.101397619     -0.171683028    
 -0.100535497     -0.172688857    
  -9.96702239E-02 -0.173689276    
  -9.88018513E-02 -0.174684286    
  -9.79304239E-02 -0.175673887    
  -9.70559865E-02 -0.176658094    
  -9.61785838E-02 -0.177636907    
  -9.52982679E-02 -0.178610340    
  -9.44150761E-02 -0.179578379    
  -9.35290605E-02 -0.180541053    
  -9.26402584E-02 -0.181498349    
  -9.17487219E-02 -0.182450280    
  -9.08544958E-02 -0.183396861    
  -8.99576172E-02 -0.184338093    
  -8.90581310E-02 -0.185273990    
  -8.81560817E-02 -0.186204553    
  -8.72515142E-02 -0.187129796    
  -8.63444656E-02 -0.188049719    
  -8.54349807E-02 -0.188964337    
  -8.45231041E-02 -0.189873651    
  -8.36088732E-02 -0.190777689    
  -8.26923326E-02 -0.191676438    
  -8.17735195E-02 -0.192569926    
  -8.08524713E-02 -0.193458155    
  -7.99292326E-02 -0.194341138    
  -7.90038407E-02 -0.195218891    
  -7.80763328E-02 -0.196091413    
  -7.71467462E-02 -0.196958721    
  -7.62151256E-02 -0.197820827    
  -7.52815008E-02 -0.198677748    
  -7.43459165E-02 -0.199529484    
  -7.34084025E-02 -0.200376049    
  -7.24690035E-02 -0.201217458    
  -7.15277493E-02 -0.202053726    
  -7.05846846E-02 -0.202884868    
  -6.96398392E-02 -0.203710899    
  -6.86932504E-02 -0.204531819    
  -6.77449480E-02 -0.205347642    
  -6.67949691E-02 -0.206158400    
  -6.58433512E-02 -0.206964090    
  -6.48901239E-02 -0.207764730    
  -6.39353245E-02 -0.208560333    
  -6.29789904E-02 -0.209350914    
  -6.20211475E-02 -0.210136488    
  -6.10618293E-02 -0.210917056    
  -6.01010695E-02 -0.211692646    
  -5.91388978E-02 -0.212463275    
  -5.81753477E-02 -0.213228956    
  -5.72104529E-02 -0.213989690    
  -5.62442392E-02 -0.214745507    
  -5.52767403E-02 -0.215496421    
  -5.43079861E-02 -0.216242433    
  -5.33380099E-02 -0.216983572    
  -5.23668379E-02 -0.217719853    
  -5.13944998E-02 -0.218451276    
  -5.04210256E-02 -0.219177872    
  -4.94464412E-02 -0.219899654    
  -4.84707765E-02 -0.220616639    
  -4.74940613E-02 -0.221328825    
  -4.65163216E-02 -0.222036242    
  -4.55375873E-02 -0.222738907    
  -4.45578843E-02 -0.223436832    
  -4.35772389E-02 -0.224130034    
  -4.25956771E-02 -0.224818528    
  -4.16132286E-02 -0.225502327    
  -4.06299159E-02 -0.226181462    
  -3.96457687E-02 -0.226855934    
  -3.86608094E-02 -0.227525756    
  -3.76750641E-02 -0.228190958    
  -3.66885550E-02 -0.228851542    
  -3.57013121E-02 -0.229507536    
  -3.47133540E-02 -0.230158955    
  -3.37247103E-02 -0.230805814    
  -3.27353999E-02 -0.231448114    
  -3.17454487E-02 -0.232085884    
  -3.07548810E-02 -0.232719138    
  -2.97637191E-02 -0.233347908    
  -2.87719853E-02 -0.233972192    
  -2.77797021E-02 -0.234592006    
  -2.67868917E-02 -0.235207379    
  -2.57935766E-02 -0.235818312    
  -2.47997791E-02 -0.236424834    
  -2.38055196E-02 -0.237026960    
  -2.28108205E-02 -0.237624690    
  -2.18157023E-02 -0.238218054    
  -2.08201855E-02 -0.238807067    
  -1.98242906E-02 -0.239391759    
  -1.88280381E-02 -0.239972129    
  -1.78314485E-02 -0.240548193    
  -1.68345403E-02 -0.241119981    
  -1.58373341E-02 -0.241687492    
  -1.48398504E-02 -0.242250755    
  -1.38421068E-02 -0.242809772    
  -1.28441229E-02 -0.243364573    
  -1.18459174E-02 -0.243915170    
  -1.08475080E-02 -0.244461581    
  -9.84891318E-03 -0.245003819    
  -8.85015167E-03 -0.245541900    
  -7.85124116E-03 -0.246075854    
  -6.85219886E-03 -0.246605679    
  -5.85304247E-03 -0.247131392    
  -4.85378923E-03 -0.247653022    
  -3.85445636E-03 -0.248170584    
  -2.85506039E-03 -0.248684078    
  -1.85561809E-03 -0.249193534    
  -8.56145751E-04 -0.249698967    
   1.43340323E-04 -0.250200391    
   1.14282419E-03 -0.250697821    
   2.14228989E-03 -0.251191258    
   3.14172171E-03 -0.251680762    
   4.14110441E-03 -0.252166301    
   5.14042238E-03 -0.252647907    
   6.13966072E-03 -0.253125608    
   7.13880453E-03 -0.253599405    
   8.13783891E-03 -0.254069328    
   9.13674943E-03 -0.254535377    
   1.01355221E-02 -0.254997581    
   1.11341421E-02 -0.255455941    
   1.21325953E-02 -0.255910486    
   1.31308688E-02 -0.256361216    
   1.41289476E-02 -0.256808162    
   1.51268188E-02 -0.257251352    
   1.61244702E-02 -0.257690758    
   1.71218868E-02 -0.258126438    
   1.81190558E-02 -0.258558393    
   1.91159640E-02 -0.258986622    
   2.01126002E-02 -0.259411156    
   2.11089514E-02 -0.259832025    
   2.21050046E-02 -0.260249227    
   2.31007468E-02 -0.260662764    
   2.40961667E-02 -0.261072665    
   2.50912532E-02 -0.261478961    
   2.60859933E-02 -0.261881649    
   2.70803757E-02 -0.262280732    
   2.80743893E-02 -0.262676239    
   2.90680211E-02 -0.263068169    
   3.00612617E-02 -0.263456553    
   3.10540982E-02 -0.263841420    
   3.20465229E-02 -0.264222771    
   3.30385193E-02 -0.264600605    
   3.40300836E-02 -0.264974952    
   3.50212008E-02 -0.265345842    
   3.60118598E-02 -0.265713274    
   3.70020531E-02 -0.266077250    
   3.79917696E-02 -0.266437799    
   3.89809981E-02 -0.266794920    
   3.99697311E-02 -0.267148644    
   4.09579538E-02 -0.267498970    
   4.19456623E-02 -0.267845929    
   4.29328419E-02 -0.268189520    
   4.39194888E-02 -0.268529773    
   4.49055880E-02 -0.268866688    
   4.58911359E-02 -0.269200295    
   4.68761176E-02 -0.269530594    
   4.78605293E-02 -0.269857615    
   4.88443598E-02 -0.270181358    
   4.98275980E-02 -0.270501822    
   5.08102402E-02 -0.270819038    
   5.17922752E-02 -0.271133006    
   5.27736917E-02 -0.271443754    
   5.37544861E-02 -0.271751314    
   5.47346473E-02 -0.272055656    
   5.57141677E-02 -0.272356838    
   5.66930398E-02 -0.272654831    
   5.76712564E-02 -0.272949666    
   5.86488098E-02 -0.273241371    
   5.96256927E-02 -0.273529947    
   6.06018938E-02 -0.273815393    
   6.15774095E-02 -0.274097741    
   6.25522286E-02 -0.274376988    
   6.35263473E-02 -0.274653167    
   6.44997582E-02 -0.274926275    
   6.54724538E-02 -0.275196344    
   6.64444268E-02 -0.275463372    
   6.74156696E-02 -0.275727361    
   6.83861747E-02 -0.275988340    
   6.93559349E-02 -0.276246339    
   7.03249425E-02 -0.276501328    
   7.12931976E-02 -0.276753336    
   7.22606853E-02 -0.277002394    
   7.32274055E-02 -0.277248502    
   7.41933510E-02 -0.277491659    
   7.51585141E-02 -0.277731895    
   7.61228874E-02 -0.277969211    
   7.70864636E-02 -0.278203636    
   7.80492425E-02 -0.278435171    
   7.90112093E-02 -0.278663814    
   7.99723640E-02 -0.278889596    
   8.09326991E-02 -0.279112518    
   8.18922147E-02 -0.279332608    
   8.28508958E-02 -0.279549867    
   8.38087425E-02 -0.279764295    
   8.47657472E-02 -0.279975921    
   8.57219025E-02 -0.280184746    
   8.66772085E-02 -0.280390799    
   8.76316577E-02 -0.280594081    
   8.85852426E-02 -0.280794591    
   8.95379633E-02 -0.280992359    
   9.04898122E-02 -0.281187385    
   9.14407820E-02 -0.281379670    
   9.23908651E-02 -0.281569242    
   9.33400616E-02 -0.281756103    
   9.42883715E-02 -0.281940281    
   9.52357799E-02 -0.282121778    
   9.61822867E-02 -0.282300591    
   9.71278846E-02 -0.282476753    
   9.80725735E-02 -0.282650262    
   9.90163460E-02 -0.282821149    
   9.99592021E-02 -0.282989383    
  0.100901134     -0.283155024    
  0.101842135     -0.283318043    
  0.102782205     -0.283478469    
  0.103721336     -0.283636302    
  0.104659528     -0.283791572    
  0.105596773     -0.283944279    
  0.106533065     -0.284094423    
  0.107468404     -0.284242034    
  0.108402789     -0.284387112    
  0.109336212     -0.284529656    
  0.110268667     -0.284669697    
  0.111200154     -0.284807235    
  0.112130672     -0.284942299    
  0.113060214     -0.285074860    
  0.113988772     -0.285204947    
  0.114916347     -0.285332590    
  0.115842938     -0.285457790    
  0.116768539     -0.285580546    
  0.117693141     -0.285700858    
  0.118616745     -0.285818756    
  0.119539350     -0.285934240    
  0.120460950     -0.286047310    
  0.121381544     -0.286157995    
  0.122301131     -0.286266297    
  0.123219706     -0.286372244    
  0.124137260     -0.286475807    
  0.125053793     -0.286577016    
  0.125969306     -0.286675900    
  0.126883790     -0.286772430    
  0.127797246     -0.286866635    
  0.128709674     -0.286958545    
  0.129621059     -0.287048131    
  0.130531415     -0.287135422    
  0.131440729     -0.287220448    
  0.132348999     -0.287303180    
  0.133256227     -0.287383646    
  0.134162411     -0.287461847    
  0.135067537     -0.287537813    
  0.135971606     -0.287611514    
  0.136874631     -0.287682980    
  0.137776598     -0.287752241    
  0.138677493     -0.287819266    
  0.139577329     -0.287884086    
  0.140476108     -0.287946731    
  0.141373813     -0.288007170    
  0.142270446     -0.288065434    
  0.143166006     -0.288121521    
  0.144060493     -0.288175464    
  0.144953907     -0.288227230    
  0.145846233     -0.288276851    
  0.146737486     -0.288324356    
  0.147627652     -0.288369715    
  0.148516729     -0.288412958    
  0.149404719     -0.288454086    
  0.150291622     -0.288493127    
  0.151177436     -0.288530052    
  0.152062148     -0.288564891    
  0.152945772     -0.288597643    
  0.153828293     -0.288628340    
  0.154709712     -0.288656980    
  0.155590042     -0.288683563    
  0.156469271     -0.288708091    
  0.157347381     -0.288730592    
  0.158224389     -0.288751066    
  0.159100294     -0.288769513    
  0.159975082     -0.288785934    
  0.160848767     -0.288800359    
  0.161721334     -0.288812786    
  0.162592784     -0.288823217    
  0.163463116     -0.288831651    
  0.164332330     -0.288838118    
  0.165200427     -0.288842618    
  0.166067407     -0.288845152    
  0.166933268     -0.288845748    
  0.167797998     -0.288844407    
  0.168661609     -0.288841128    
  0.169524089     -0.288835913    
  0.170385435     -0.288828760    
  0.171245649     -0.288819700    
  0.172104746     -0.288808733    
  0.172962710     -0.288795859    
  0.173819542     -0.288781106    
  0.174675226     -0.288764477    
  0.175529778     -0.288745970    
  0.176383197     -0.288725585    
  0.177235469     -0.288703322    
  0.178086609     -0.288679212    
  0.178936601     -0.288653255    
  0.179785460     -0.288625449    
  0.180633172     -0.288595825    
  0.181479737     -0.288564354    
  0.182325155     -0.288531065    
  0.183169425     -0.288495958    
  0.184012547     -0.288459063    
  0.184854522     -0.288420349    
  0.185695350     -0.288379848    
  0.186535031     -0.288337559    
  0.187373564     -0.288293481    
  0.188210934     -0.288247645    
  0.189047158     -0.288200051    
  0.189882234     -0.288150668    
  0.190716147     -0.288099557    
  0.191548899     -0.288046688    
  0.192380503     -0.287992090    
  0.193210945     -0.287935764    
  0.194040224     -0.287877709    
  0.194868356     -0.287817925    
  0.195695326     -0.287756413    
  0.196521133     -0.287693202    
  0.197345778     -0.287628293    
  0.198169261     -0.287561685    
  0.198991582     -0.287493408    
  0.199812740     -0.287423432    
  0.200632736     -0.287351787    
  0.201451555     -0.287278473    
  0.202269211     -0.287203491    
  0.203085706     -0.287126869    
  0.203901023     -0.287048578    
  0.204715177     -0.286968648    
  0.205528170     -0.286887079    
  0.206339985     -0.286803871    
  0.207150638     -0.286719054    
  0.207960114     -0.286632597    
  0.208768427     -0.286544532    
  0.209575564     -0.286454856    
  0.210381523     -0.286363602    
  0.211186320     -0.286270738    
  0.211989939     -0.286176294    
  0.212792382     -0.286080271    
  0.213593662     -0.285982668    
  0.214393765     -0.285883486    
  0.215192690     -0.285782725    
  0.215990439     -0.285680413    
  0.216787010     -0.285576552    
  0.217582405     -0.285471141    
  0.218376622     -0.285364181    
  0.219169661     -0.285255671    
  0.219961524     -0.285145640    
  0.220752209     -0.285034090    
  0.221541718     -0.284921020    
  0.222330049     -0.284806430    
  0.223117203     -0.284690320    
  0.223903179     -0.284572721    
  0.224687979     -0.284453630    
  0.225471601     -0.284333020    
  0.226254046     -0.284210950    
  0.227035299     -0.284087390    
  0.227815375     -0.283962339    
  0.228594273     -0.283835828    
  0.229371995     -0.283707857    
  0.230148539     -0.283578426    
  0.230923891     -0.283447534    
  0.231698066     -0.283315182    
  0.232471064     -0.283181399    
  0.233242869     -0.283046156    
  0.234013498     -0.282909483    
  0.234782949     -0.282771379    
  0.235551208     -0.282631874    
  0.236318290     -0.282490939    
  0.237084195     -0.282348603    
  0.237848908     -0.282204837    
  0.238612443     -0.282059669    
  0.239374802     -0.281913102    
  0.240135968     -0.281765163    
  0.240895957     -0.281615824    
  0.241654754     -0.281465113    
  0.242412373     -0.281313002    
  0.243168816     -0.281159520    
  0.243924066     -0.281004667    
  0.244678140     -0.280848473    
  0.245431021     -0.280690908    
  0.246182725     -0.280532002    
  0.246933237     -0.280371726    
  0.247682571     -0.280210108    
  0.248430729     -0.280047148    
  0.249177694     -0.279882848    
  0.249923483     -0.279717237    
  0.250668079     -0.279550284    
  0.251411498     -0.279382020    
  0.252153724     -0.279212445    
  0.252894759     -0.279041559    
  0.253634632     -0.278869361    
  0.254373312     -0.278695852    
  0.255110800     -0.278521061    
  0.255847126     -0.278344989    
  0.256582260     -0.278167605    
  0.257316202     -0.277988940    
  0.258048952     -0.277808994    
  0.258780539     -0.277627796    
  0.259510934     -0.277445316    
  0.260240138     -0.277261585    
  0.260968179     -0.277076572    
  0.261695027     -0.276890308    
  0.262420684     -0.276702791    
  0.263145149     -0.276514024    
  0.263868451     -0.276324034    
  0.264590561     -0.276132792    
  0.265311480     -0.275940329    
  0.266031235     -0.275746614    
  0.266749799     -0.275551677    
  0.267467171     -0.275355518    
  0.268183380     -0.275158137    
  0.268898398     -0.274959564    
  0.269612223     -0.274759769    
  0.270324886     -0.274558783    
  0.271036357     -0.274356604    
  0.271746665     -0.274153203    
  0.272455782     -0.273948610    
  0.273163706     -0.273742855    
  0.273870468     -0.273535907    
  0.274576038     -0.273327768    
  0.275280416     -0.273118466    
  0.275983632     -0.272908002    
  0.276685655     -0.272696346    
  0.277386516     -0.272483528    
  0.278086185     -0.272269577    
  0.278784662     -0.272054464    
  0.279481977     -0.271838188    
  0.280178100     -0.271620780    
  0.280873060     -0.271402210    
  0.281566828     -0.271182507    
  0.282259434     -0.270961672    
  0.282950848     -0.270739704    
  0.283641100     -0.270516604    
  0.284330159     -0.270292401    
  0.285018057     -0.270067066    
  0.285704762     -0.269840628    
  0.286390305     -0.269613057    
  0.287074655     -0.269384384    
  0.287757844     -0.269154608    
  0.288439840     -0.268923730    
  0.289120674     -0.268691748    
  0.289800316     -0.268458694    
  0.290478796     -0.268224537    
  0.291156083     -0.267989308    
  0.291832209     -0.267753005    
  0.292507172     -0.267515600    
  0.293180943     -0.267277122    
  0.293853551     -0.267037570    
  0.294524997     -0.266796976    
  0.295195252     -0.266555309    
  0.295864344     -0.266312569    
  0.296532243     -0.266068786    
  0.297198981     -0.265823960    
  0.297864556     -0.265578091    
  0.298528939     -0.265331179    
  0.299192160     -0.265083224    
  0.299854219     -0.264834225    
  0.300515115     -0.264584184    
  0.301174819     -0.264333129    
  0.301833361     -0.264081031    
  0.302490741     -0.263827920    
  0.303146958     -0.263573766    
  0.303801984     -0.263318598    
  0.304455847     -0.263062418    
  0.305108547     -0.262805253    
  0.305760086     -0.262547076    
  0.306410462     -0.262287885    
  0.307059646     -0.262027711    
  0.307707667     -0.261766523    
  0.308354527     -0.261504352    
  0.309000224     -0.261241198    
  0.309644759     -0.260977060    
  0.310288131     -0.260711938    
  0.310930341     -0.260445833    
  0.311571360     -0.260178745    
  0.312211215     -0.259910673    
  0.312849909     -0.259641647    
  0.313487440     -0.259371638    
  0.314123809     -0.259100676    
  0.314759016     -0.258828759    
  0.315393060     -0.258555889    
  0.316025943     -0.258282065    
  0.316657662     -0.258007288    
  0.317288220     -0.257731557    
  0.317917615     -0.257454902    
  0.318545848     -0.257177293    
  0.319172919     -0.256898761    
  0.319798827     -0.256619275    
  0.320423603     -0.256338865    
  0.321047217     -0.256057531    
  0.321669668     -0.255775273    
  0.322290957     -0.255492091    
  0.322911084     -0.255207986    
  0.323530048     -0.254922986    
  0.324147850     -0.254637063    
  0.324764490     -0.254350215    
  0.325379997     -0.254062474    
  0.325994343     -0.253773838    
  0.326607525     -0.253484309    
  0.327219546     -0.253193855    
  0.327830434     -0.252902508    
  0.328440160     -0.252610296    
  0.329048723     -0.252317190    
  0.329656124     -0.252023190    
  0.330262393     -0.251728326    
  0.330867499     -0.251432568    
  0.331471443     -0.251135945    
  0.332074255     -0.250838429    
  0.332675904     -0.250540048    
  0.333276391     -0.250240803    
  0.333875746     -0.249940693    
  0.334473938     -0.249639720    
  0.335070997     -0.249337897    
  0.335666895     -0.249035209    
  0.336261630     -0.248731673    
  0.336855233     -0.248427287    
  0.337447673     -0.248122051    
  0.338038981     -0.247815982    
  0.338629127     -0.247509062    
  0.339218140     -0.247201309    
  0.339805990     -0.246892720    
  0.340392709     -0.246583298    
  0.340978265     -0.246273041    
  0.341562688     -0.245961964    
  0.342145979     -0.245650053    
  0.342728108     -0.245337322    
  0.343309104     -0.245023772    
  0.343888938     -0.244709402    
  0.344467640     -0.244394228    
  0.345045209     -0.244078234    
  0.345621616     -0.243761435    
  0.346196890     -0.243443832    
  0.346771032     -0.243125424    
  0.347344011     -0.242806211    
  0.347915858     -0.242486209    
  0.348486573     -0.242165416    
  0.349056154     -0.241843820    
  0.349624574     -0.241521433    
  0.350191861     -0.241198272    
  0.350758016     -0.240874320    
  0.351323038     -0.240549594    
  0.351886898     -0.240224078    
  0.352449626     -0.239897788    
  0.353011221     -0.239570722    
  0.353571683     -0.239242882    
  0.354131013     -0.238914281    
  0.354689211     -0.238584906    
  0.355246276     -0.238254771    
  0.355802208     -0.237923875    
  0.356357008     -0.237592220    
  0.356910676     -0.237259805    
  0.357463181     -0.236926645    
  0.358014554     -0.236592725    
  0.358564794     -0.236258060    
  0.359113902     -0.235922650    
  0.359661907     -0.235586494    
  0.360208780     -0.235249609    
  0.360754520     -0.234911978    
  0.361299127     -0.234573618    
  0.361842602     -0.234234512    
  0.362384945     -0.233894676    
  0.362926155     -0.233554110    
  0.363466233     -0.233212829    
  0.364005178     -0.232870817    
  0.364542991     -0.232528090    
  0.365079701     -0.232184634    
  0.365615278     -0.231840461    
  0.366149724     -0.231495574    
  0.366683036     -0.231149986    
  0.367215216     -0.230803683    
  0.367746294     -0.230456680    
  0.368276238     -0.230108961    
  0.368805051     -0.229760543    
  0.369332731     -0.229411423    
  0.369859308     -0.229061604    
  0.370384753     -0.228711098    
  0.370909065     -0.228359893    
  0.371432275     -0.228008002    
  0.371954352     -0.227655411    
  0.372475326     -0.227302134    
  0.372995168     -0.226948187    
  0.373513877     -0.226593554    
  0.374031484     -0.226238236    
  0.374547958     -0.225882247    
  0.375063330     -0.225525573    
  0.375577569     -0.225168228    
  0.376090705     -0.224810213    
  0.376602709     -0.224451527    
  0.377113611     -0.224092185    
  0.377623379     -0.223732173    
  0.378132045     -0.223371506    
  0.378639579     -0.223010182    
  0.379146010     -0.222648203    
  0.379651308     -0.222285569    
  0.380155504     -0.221922278    
  0.380658597     -0.221558332    
  0.381160557     -0.221193746    
  0.381661415     -0.220828503    
  0.382161140     -0.220462620    
  0.382659763     -0.220096096    
  0.383157283     -0.219728932    
  0.383653700     -0.219361126    
  0.384148985     -0.218992695    
  0.384643167     -0.218623623    
  0.385136247     -0.218253925    
  0.385628194     -0.217883602    
  0.386119038     -0.217512652    
  0.386608779     -0.217141077    
  0.387097418     -0.216768876    
  0.387584955     -0.216396049    
  0.388071358     -0.216022611    
  0.388556659     -0.215648547    
  0.389040858     -0.215273872    
  0.389523953     -0.214898586    
  0.390005946     -0.214522690    
  0.390486836     -0.214146182    
  0.390966624     -0.213769078    
  0.391445309     -0.213391364    
  0.391922891     -0.213013053    
  0.392399371     -0.212634131    
  0.392874748     -0.212254614    
  0.393349022     -0.211874500    
  0.393822193     -0.211493790    
  0.394294262     -0.211112499    
  0.394765228     -0.210730612    
  0.395235091     -0.210348144    
  0.395703852     -0.209965080    
  0.396171510     -0.209581435    
  0.396638066     -0.209197208    
  0.397103518     -0.208812401    
  0.397567868     -0.208427012    
  0.398031116     -0.208041057    
  0.398493260     -0.207654521    
  0.398954332     -0.207267419    
  0.399414301     -0.206879735    
  0.399873167     -0.206491485    
  0.400330931     -0.206102669    
  0.400787592     -0.205713287    
  0.401243180     -0.205323353    
  0.401697665     -0.204932854    
  0.402151048     -0.204541802    
  0.402603328     -0.204150185    
  0.403054535     -0.203758016    
  0.403504640     -0.203365296    
  0.403953642     -0.202972025    
  0.404401571     -0.202578202    
  0.404848397     -0.202183828    
  0.405294120     -0.201788917    
  0.405738771     -0.201393455    
  0.406182319     -0.200997457    
  0.406624764     -0.200600922    
  0.407066137     -0.200203851    
  0.407506406     -0.199806243    
  0.407945603     -0.199408099    
  0.408383697     -0.199009418    
  0.408820719     -0.198610201    
  0.409256637     -0.198210463    
  0.409691453     -0.197810203    
  0.410125196     -0.197409406    
  0.410557836     -0.197008088    
  0.410989404     -0.196606249    
  0.411419898     -0.196203887    
  0.411849290     -0.195801005    
  0.412277609     -0.195397615    
  0.412704825     -0.194993705    
  0.413130969     -0.194589287    
  0.413556010     -0.194184363    
  0.413979977     -0.193778917    
  0.414402872     -0.193372965    
  0.414824665     -0.192966521    
  0.415245384     -0.192559570    
  0.415665030     -0.192152113    
  0.416083574     -0.191744149    
  0.416501045     -0.191335693    
  0.416917443     -0.190926746    
  0.417332768     -0.190517291    
  0.417746991     -0.190107346    
  0.418160141     -0.189696908    
  0.418572217     -0.189285979    
  0.418983221     -0.188874573    
  0.419393122     -0.188462675    
  0.419801950     -0.188050300    
  0.420209706     -0.187637433    
  0.420616388     -0.187224090    
  0.421021998     -0.186810270    
  0.421426535     -0.186395973    
  0.421829969     -0.185981199    
  0.422232330     -0.185565948    
  0.422633618     -0.185150221    
  0.423033834     -0.184734017    
  0.423432976     -0.184317350    
  0.423831046     -0.183900222    
  0.424228042     -0.183482617    
  0.424623966     -0.183064550    
  0.425018817     -0.182646021    
  0.425412595     -0.182227030    
  0.425805300     -0.181807578    
  0.426196933     -0.181387663    
  0.426587492     -0.180967301    
  0.426976979     -0.180546477    
  0.427365392     -0.180125207    
  0.427752733     -0.179703489    
  0.428139001     -0.179281309    
  0.428524196     -0.178858683    
  0.428908318     -0.178435609    
  0.429291368     -0.178012103    
  0.429673374     -0.177588150    
  0.430054307     -0.177163750    
  0.430434167     -0.176738918    
  0.430812955     -0.176313639    
  0.431190670     -0.175887927    
  0.431567311     -0.175461784    
  0.431942910     -0.175035194    
  0.432317436     -0.174608171    
  0.432690889     -0.174180731    
  0.433063269     -0.173752859    
  0.433434576     -0.173324555    
  0.433804840     -0.172895834    
  0.434174031     -0.172466680    
  0.434542149     -0.172037110    
  0.434909195     -0.171607107    
  0.435275197     -0.171176687    
  0.435640126     -0.170745850    
  0.436003983     -0.170314595    
  0.436366796     -0.169882923    
  0.436728537     -0.169450849    
  0.437089205     -0.169018358    
  0.437448829     -0.168585449    
  0.437807381     -0.168152139    
  0.438164890     -0.167718425    
  0.438521326     -0.167284295    
  0.438876688     -0.166849762    
  0.439231008     -0.166414827    
  0.439584255     -0.165979490    
  0.439936459     -0.165543750    
  0.440287590     -0.165107623    
  0.440637678     -0.164671093    
  0.440986693     -0.164234161    
  0.441334665     -0.163796842    
  0.441681564     -0.163359135    
  0.442027420     -0.162921026    
  0.442372203     -0.162482530    
  0.442715943     -0.162043646    
  0.443058610     -0.161604375    
  0.443400234     -0.161164716    
  0.443740815     -0.160724685    
  0.444080323     -0.160284266    
  0.444418788     -0.159843460    
  0.444756180     -0.159402281    
  0.445092529     -0.158960730    
  0.445427835     -0.158518791    
  0.445762068     -0.158076480    
  0.446095258     -0.157633796    
  0.446427405     -0.157190740    
  0.446758479     -0.156747311    
  0.447088510     -0.156303525    
  0.447417498     -0.155859366    
  0.447745413     -0.155414835    
  0.448072284     -0.154969946    
  0.448398113     -0.154524684    
  0.448722899     -0.154079065    
  0.449046612     -0.153633088    
  0.449369282     -0.153186753    
  0.449690908     -0.152740061    
  0.450011492     -0.152293012    
  0.450331002     -0.151845604    
  0.450649470     -0.151397839    
  0.450966895     -0.150949731    
  0.451283276     -0.150501266    
  0.451598614     -0.150052458    
  0.451912910     -0.149603292    
  0.452226132     -0.149153784    
  0.452538311     -0.148703933    
  0.452849448     -0.148253739    
  0.453159541     -0.147803202    
  0.453468591     -0.147352323    
  0.453776598     -0.146901101    
  0.454083562     -0.146449536    
  0.454389483     -0.145997643    
  0.454694360     -0.145545408    
  0.454998195     -0.145092845    
  0.455300987     -0.144639939    
  0.455602735     -0.144186705    
  0.455903411     -0.143733144    
  0.456203043     -0.143279254    
  0.456501633     -0.142825037    
  0.456799179     -0.142370492    
  0.457095712     -0.141915619    
  0.457391202     -0.141460419    
  0.457685649     -0.141004905    
  0.457979053     -0.140549064    
  0.458271414     -0.140092909    
  0.458562732     -0.139636427    
  0.458853006     -0.139179632    
  0.459142238     -0.138722524    
  0.459430426     -0.138265103    
  0.459717572     -0.137807369    
  0.460003674     -0.137349322    
  0.460288733     -0.136890963    
  0.460572749     -0.136432290    
  0.460855752     -0.135973319    
  0.461137712     -0.135514036    
  0.461418629     -0.135054454    
  0.461698502     -0.134594560    
  0.461977333     -0.134134367    
  0.462255120     -0.133673877    
  0.462531894     -0.133213088    
  0.462807626     -0.132752001    
  0.463082314     -0.132290617    
  0.463355958     -0.131828934    
  0.463628590     -0.131366953    
  0.463900179     -0.130904675    
  0.464170724     -0.130442113    
  0.464440227     -0.129979253    
  0.464708716     -0.129516110    
  0.464976162     -0.129052669    
  0.465242565     -0.128588945    
  0.465507925     -0.128124937    
  0.465772271     -0.127660647    
  0.466035575     -0.127196074    
  0.466297835     -0.126731217    
  0.466559082     -0.126266077    
  0.466819286     -0.125800654    
  0.467078447     -0.125334963    
  0.467336595     -0.124868989    
  0.467593700     -0.124402739    
  0.467849761     -0.123936214    
  0.468104810     -0.123469420    
  0.468358815     -0.123002350    
  0.468611807     -0.122535013    
  0.468863755     -0.122067407    
  0.469114661     -0.121599533    
  0.469364554     -0.121131390    
  0.469613403     -0.120662980    
  0.469861239     -0.120194308    
  0.470108032     -0.119725369    
  0.470353812     -0.119256169    
  0.470598549     -0.118786708    
  0.470842272     -0.118316986    
  0.471084952     -0.117847003    
  0.471326619     -0.117376767    
  0.471567243     -0.116906278    
  0.471806854     -0.116435528    
  0.472045422     -0.115964524    
  0.472282976     -0.115493268    
  0.472519487     -0.115021765    
  0.472754985     -0.114550009    
  0.472989440     -0.114078008    
  0.473222882     -0.113605753    
  0.473455280     -0.113133252    
  0.473686665     -0.112660512    
  0.473917037     -0.112187527    
  0.474146366     -0.111714296    
  0.474374682     -0.111240827    
  0.474601954     -0.110767111    
  0.474828213     -0.110293157    
  0.475053459     -0.109818965    
  0.475277662     -0.109344542    
  0.475500852     -0.108869880    
  0.475722998     -0.108394988    
  0.475944132     -0.107919857    
  0.476164252     -0.107444495    
  0.476383328     -0.106968902    
  0.476601392     -0.106493078    
  0.476818442     -0.106017031    
  0.477034450     -0.105540752    
  0.477249444     -0.105064251    
  0.477463424     -0.104587518    
  0.477676362     -0.104110561    
  0.477888286     -0.103633381    
  0.478099197     -0.103155985    
  0.478309095     -0.102678366    
  0.478517950     -0.102200530    
  0.478725791     -0.101722471    
  0.478932619     -0.101244196    
  0.479138434     -0.100765705    
  0.479343206     -0.100287005    
  0.479546964      -9.98080894E-02
  0.479749709      -9.93289575E-02
  0.479951441      -9.88496169E-02
  0.480152130      -9.83700678E-02
  0.480351806      -9.78903100E-02
  0.480550468      -9.74103436E-02
  0.480748117      -9.69301686E-02
  0.480944753      -9.64497924E-02
  0.481140345      -9.59692076E-02
  0.481334925      -9.54884216E-02
  0.481528491      -9.50074345E-02
  0.481721044      -9.45262462E-02
  0.481912583      -9.40448567E-02
  0.482103109      -9.35632661E-02
  0.482292593      -9.30814818E-02
  0.482481062      -9.25995037E-02
  0.482668519      -9.21173245E-02
  0.482854962      -9.16349515E-02
  0.483040392      -9.11523849E-02
  0.483224809      -9.06696320E-02
  0.483408213      -9.01866853E-02
  0.483590603      -8.97035524E-02
  0.483771980      -8.92202258E-02
  0.483952314      -8.87367129E-02
  0.484131634      -8.82530138E-02
  0.484309942      -8.77691284E-02
  0.484487236      -8.72850642E-02
  0.484663516      -8.68008137E-02
  0.484838784      -8.63163844E-02
  0.485013038      -8.58317688E-02
  0.485186279      -8.53469744E-02
  0.485358506      -8.48620012E-02
  0.485529721      -8.43768567E-02
  0.485699922      -8.38915333E-02
  0.485869110      -8.34060311E-02
  0.486037284      -8.29203576E-02
  0.486204445      -8.24345127E-02
  0.486370593      -8.19484964E-02
  0.486535728      -8.14623088E-02
  0.486699849      -8.09759498E-02
  0.486862957      -8.04894194E-02
  0.487025052      -8.00027251E-02
  0.487186134      -7.95158669E-02
  0.487346202      -7.90288374E-02
  0.487505257      -7.85416439E-02
  0.487663299      -7.80542940E-02
  0.487820327      -7.75667801E-02
  0.487976342      -7.70791024E-02
  0.488131344      -7.65912682E-02
  0.488285333      -7.61032701E-02
  0.488438308      -7.56151155E-02
  0.488590270      -7.51268044E-02
  0.488741219      -7.46383369E-02
  0.488891155      -7.41497204E-02
  0.489040077      -7.36609474E-02
  0.489188015      -7.31720254E-02
  0.489334941      -7.26829469E-02
  0.489480853      -7.21937194E-02
  0.489625752      -7.17043430E-02
  0.489769638      -7.12148175E-02
  0.489912510      -7.07251504E-02
  0.490054369      -7.02353343E-02
  0.490195215      -6.97453767E-02
  0.490335047      -6.92552701E-02
  0.490473896      -6.87650219E-02
  0.490611732      -6.82746321E-02
  0.490748554      -6.77841008E-02
  0.490884364      -6.72934353E-02
  0.491019160      -6.68026283E-02
  0.491152942      -6.63116872E-02
  0.491285712      -6.58206046E-02
  0.491417497      -6.53293878E-02
  0.491548270      -6.48380369E-02
  0.491678029      -6.43465593E-02
  0.491806775      -6.38549477E-02
  0.491934508      -6.33632019E-02
  0.492061228      -6.28713295E-02
  0.492186964      -6.23793267E-02
  0.492311686      -6.18871972E-02
  0.492435396      -6.13949411E-02
  0.492558092      -6.09025583E-02
  0.492679775      -6.04100525E-02
  0.492800474      -5.99174201E-02
  0.492920160      -5.94246686E-02
  0.493038833      -5.89317940E-02
  0.493156493      -5.84388003E-02
  0.493273139      -5.79456873E-02
  0.493388802      -5.74524552E-02
  0.493503451      -5.69591038E-02
  0.493617088      -5.64656369E-02
  0.493729711      -5.59720546E-02
  0.493841350      -5.54783605E-02
  0.493951976      -5.49845509E-02
  0.494061589      -5.44906296E-02
  0.494170189      -5.39966002E-02
  0.494277805      -5.35024591E-02
  0.494384408      -5.30082099E-02
  0.494489998      -5.25138527E-02
  0.494594574      -5.20193875E-02
  0.494698167      -5.15248179E-02
  0.494800746      -5.10301441E-02
  0.494902313      -5.05353659E-02
  0.495002896      -5.00404835E-02
  0.495102465      -4.95455004E-02
  0.495201021      -4.90504168E-02
  0.495298564      -4.85552326E-02
  0.495395124      -4.80599515E-02
  0.495490670      -4.75645736E-02
  0.495585203      -4.70690988E-02
  0.495678753      -4.65735272E-02
  0.495771289      -4.60778624E-02
  0.495862812      -4.55821045E-02
  0.495953321      -4.50862534E-02
  0.496042848      -4.45903130E-02
  0.496131361      -4.40942831E-02
  0.496218860      -4.35981639E-02
  0.496305376      -4.31019552E-02
  0.496390879      -4.26056609E-02
  0.496475369      -4.21092771E-02
  0.496558875      -4.16128114E-02
  0.496641368      -4.11162600E-02
  0.496722847      -4.06196266E-02
  0.496803343      -4.01229113E-02
  0.496882826      -3.96261141E-02
  0.496961296      -3.91292349E-02
  0.497038782      -3.86322774E-02
  0.497115254      -3.81352417E-02
  0.497190714      -3.76381315E-02
  0.497265190      -3.71409431E-02
  0.497338653      -3.66436802E-02
  0.497411132      -3.61463428E-02
  0.497482598      -3.56489345E-02
  0.497553051      -3.51514556E-02
  0.497622520      -3.46539058E-02
  0.497690976      -3.41562852E-02
  0.497758418      -3.36585939E-02
  0.497824878      -3.31608355E-02
  0.497890323      -3.26630101E-02
  0.497954786      -3.21651213E-02
  0.498018235      -3.16671655E-02
  0.498080671      -3.11691463E-02
  0.498142123      -3.06710657E-02
  0.498202562      -3.01729217E-02
  0.498261988      -2.96747182E-02
  0.498320431      -2.91764550E-02
  0.498377860      -2.86781322E-02
  0.498434305      -2.81797517E-02
  0.498489738      -2.76813153E-02
  0.498544157      -2.71828230E-02
  0.498597592      -2.66842768E-02
  0.498650014      -2.61856765E-02
  0.498701453      -2.56870240E-02
  0.498751879      -2.51883194E-02
  0.498801291      -2.46895645E-02
  0.498849720      -2.41907593E-02
  0.498897135      -2.36919057E-02
  0.498943567      -2.31930055E-02
  0.498988986      -2.26940587E-02
  0.499033391      -2.21950654E-02
  0.499076813      -2.16960274E-02
  0.499119222      -2.11969465E-02
  0.499160647      -2.06978228E-02
  0.499201059      -2.01986581E-02
  0.499240488      -1.96994524E-02
  0.499278903      -1.92002077E-02
  0.499316305      -1.87009238E-02
  0.499352723      -1.82016026E-02
  0.499388129      -1.77022461E-02
  0.499422550      -1.72028542E-02
  0.499455959      -1.67034268E-02
  0.499488384      -1.62039660E-02
  0.499519795      -1.57044735E-02
  0.499550194      -1.52049493E-02
  0.499579608      -1.47053944E-02
  0.499608010      -1.42058097E-02
  0.499635428      -1.37061970E-02
  0.499661833      -1.32065564E-02
  0.499687254      -1.27068898E-02
  0.499711663      -1.22071980E-02
  0.499735057      -1.17074819E-02
  0.499757469      -1.12077417E-02
  0.499778867      -1.07079791E-02
  0.499799281      -1.02081951E-02
  0.499818683      -9.70839057E-03
  0.499837101      -9.20856744E-03
  0.499854505      -8.70872568E-03
  0.499870926      -8.20886623E-03
  0.499886334      -7.70899048E-03
  0.499900728      -7.20909936E-03
  0.499914140      -6.70919381E-03
  0.499926537      -6.20927475E-03
  0.499937952      -5.70934312E-03
  0.499948353      -5.20940032E-03
  0.499957770      -4.70944680E-03
  0.499966174      -4.20948397E-03
  0.499973595      -3.70951276E-03
  0.499980003      -3.20953410E-03
  0.499985397      -2.70954892E-03
  0.499989808      -2.20955838E-03
  0.499993205      -1.70956342E-03
  0.499995619      -1.20956509E-03
  0.499997020      -7.09564309E-04
  0.499997437      -2.09562073E-04
  0.499996841       2.90440570E-04
  0.499995261       7.90442631E-04
  0.499992669       1.29044312E-03
  0.499989063       1.79044099E-03
  0.499984473       2.29043537E-03
  0.499978870       2.79042497E-03
  0.499972284       3.29040899E-03
  0.499964684       3.79038649E-03
  0.499956101       4.29035630E-03
  0.499946505       4.79031773E-03
  0.499935925       5.29026939E-03
  0.499924332       5.79021079E-03
  0.499911726       6.29014056E-03
  0.499898136       6.79005776E-03
  0.499883533       7.28996098E-03
  0.499867946       7.78984977E-03
  0.499851346       8.28972273E-03
  0.499833763       8.78957938E-03
  0.499815166       9.28941835E-03
  0.499795556       9.78923868E-03
  0.499774963       1.02890395E-02
  0.499753356       1.07888198E-02
  0.499730766       1.12885786E-02
  0.499707162       1.17883151E-02
  0.499682575       1.22880274E-02
  0.499656975       1.27877155E-02
  0.499630392       1.32873775E-02
  0.499602795       1.37870135E-02
  0.499574184       1.42866215E-02
  0.499544591       1.47862006E-02
  0.499513984       1.52857509E-02
  0.499482393       1.57852694E-02
  0.499449790       1.62847564E-02
  0.499416202       1.67842116E-02
  0.499381602       1.72836334E-02
  0.499345988       1.77830197E-02
  0.499309391       1.82823706E-02
  0.499271780       1.87816843E-02
  0.499233186       1.92809608E-02
  0.499193579       1.97801981E-02
  0.499152958       2.02793963E-02
  0.499111354       2.07785536E-02
  0.499068737       2.12776698E-02
  0.499025136       2.17767432E-02
  0.498980522       2.22757738E-02
  0.498934925       2.27747597E-02
  0.498888314       2.32736990E-02
  0.498840690       2.37725917E-02
  0.498792082       2.42714360E-02
  0.498742461       2.47702319E-02
  0.498691857       2.52689794E-02
  0.498640239       2.57676747E-02
  0.498587608       2.62663197E-02
  0.498533994       2.67649107E-02
  0.498479366       2.72634476E-02
  0.498423755       2.77619306E-02
  0.498367131       2.82603577E-02
  0.498309493       2.87587270E-02
  0.498250872       2.92570386E-02
  0.498191237       2.97552925E-02
  0.498130590       3.02534867E-02
  0.498068959       3.07516195E-02
  0.498006314       3.12496908E-02
  0.497942686       3.17476988E-02
  0.497878045       3.22456434E-02
  0.497812390       3.27435210E-02
  0.497745752       3.32413353E-02
  0.497678101       3.37390825E-02
  0.497609437       3.42367627E-02
  0.497539788       3.47343720E-02
  0.497469127       3.52319106E-02
  0.497397453       3.57293785E-02
  0.497324795       3.62267755E-02
  0.497251123       3.67240980E-02
  0.497176468       3.72213461E-02
  0.497100800       3.77185196E-02
  0.497024119       3.82156186E-02
  0.496946454       3.87126394E-02
  0.496867776       3.92095819E-02
  0.496788085       3.97064462E-02
  0.496707410       4.02032286E-02
  0.496625721       4.06999327E-02
