   4.99999989E-03   0.00000000    
   1.49999997E-02   0.00000000    
   2.49999985E-02   0.00000000    
   3.50000001E-02   0.00000000    
   4.49999981E-02   0.00000000    
   5.49999997E-02   0.00000000    
   6.49999976E-02   0.00000000    
   7.49999955E-02   0.00000000    
   8.50000009E-02   0.00000000    
   9.49999988E-02   0.00000000    
  0.104999997       0.00000000    
  0.114999995       0.00000000    
  0.125000000       0.00000000    
  0.134999990       0.00000000    
  0.144999996       0.00000000    
  0.155000001       0.00000000    
  0.164999992       0.00000000    
  0.174999997       0.00000000    
  0.185000002       0.00000000    
  0.194999993       0.00000000    
  0.204999998       0.00000000    
  0.214999989       0.00000000    
  0.224999994       0.00000000    
  0.234999999       0.00000000    
  0.244999990       0.00000000    
  0.254999995       0.00000000    
  0.264999986       0.00000000    
  0.275000006       0.00000000    
  0.284999996       0.00000000    
  0.294999987       0.00000000    
  0.305000007       0.00000000    
  0.314999998       0.00000000    
  0.324999988       0.00000000    
  0.334999979       0.00000000    
  0.344999999       0.00000000    
  0.354999989       0.00000000    
  0.364999980       0.00000000    
  0.375000000       0.00000000    
  0.384999990       0.00000000    
  0.394999981       0.00000000    
  0.405000001       0.00000000    
  0.414999992       0.00000000    
  0.424999982       0.00000000    
  0.435000002       0.00000000    
  0.444999993       0.00000000    
  0.454999983       0.00000000    
  0.465000004       0.00000000    
  0.474999994       0.00000000    
  0.484999985       0.00000000    
  0.494999975       0.00000000    
  0.504999995       0.00000000    
  0.514999986       0.00000000    
  0.524999976       0.00000000    
  0.534999967       0.00000000    
  0.545000017       0.00000000    
  0.555000007       0.00000000    
  0.564999998       0.00000000    
  0.574999988       0.00000000    
  0.584999979       0.00000000    
  0.594999969       0.00000000    
  0.604999959       0.00000000    
  0.615000010       0.00000000    
  0.625000000       0.00000000    
  0.634999990       0.00000000    
  0.644999981       0.00000000    
  0.654999971       0.00000000    
  0.664999962       0.00000000    
  0.675000012       0.00000000    
  0.685000002       0.00000000    
  0.694999993       0.00000000    
  0.704999983       0.00000000    
  0.714999974       0.00000000    
  0.724999964       0.00000000    
  0.734999955       0.00000000    
  0.745000005       0.00000000    
  0.754999995       0.00000000    
  0.764999986       0.00000000    
  0.774999976       0.00000000    
  0.784999967       0.00000000    
  0.794999957       0.00000000    
  0.805000007       0.00000000    
  0.814999998       0.00000000    
  0.824999988       0.00000000    
  0.834999979       0.00000000    
  0.844999969       0.00000000    
  0.854999959       0.00000000    
  0.865000010       0.00000000    
  0.875000000       0.00000000    
  0.884999990       0.00000000    
  0.894999981       0.00000000    
  0.904999971       0.00000000    
  0.914999962       0.00000000    
  0.924999952       0.00000000    
  0.935000002       0.00000000    
  0.944999993       0.00000000    
  0.954999983       0.00000000    
  0.964999974       0.00000000    
  0.974999964       0.00000000    
  0.984999955       0.00000000    
  0.995000005       0.00000000    
   1.00500000       0.00000000    
   1.01499999       0.00000000    
   1.02499998       0.00000000    
   1.03499997       0.00000000    
   1.04499996       0.00000000    
   1.05499995       0.00000000    
   1.06499994       0.00000000    
   1.07499993       0.00000000    
   1.08499992       0.00000000    
   1.09500003       0.00000000    
   1.10500002       0.00000000    
   1.11500001       0.00000000    
   1.12500000       0.00000000    
   1.13499999       0.00000000    
   1.14499998       0.00000000    
   1.15499997       0.00000000    
   1.16499996       0.00000000    
   1.17499995       0.00000000    
   1.18499994       0.00000000    
   1.19499993       0.00000000    
   1.20499992       0.00000000    
   1.21499991       0.00000000    
   1.22500002       0.00000000    
   1.23500001       0.00000000    
   1.24500000       0.00000000    
   1.25500000       0.00000000    
   1.26499999       0.00000000    
   1.27499998       0.00000000    
   1.28499997       0.00000000    
   1.29499996       0.00000000    
   1.30499995       0.00000000    
   1.31499994       0.00000000    
   1.32499993       1.00000005E-03
   1.33499992       0.00000000    
   1.34500003       0.00000000    
   1.35500002       0.00000000    
   1.36500001       0.00000000    
   1.37500000       0.00000000    
   1.38499999       0.00000000    
   1.39499998       0.00000000    
   1.40499997       0.00000000    
   1.41499996       0.00000000    
   1.42499995       0.00000000    
   1.43499994       0.00000000    
   1.44499993       0.00000000    
   1.45499992       0.00000000    
   1.46499991       1.00000005E-03
   1.47500002       0.00000000    
   1.48500001       0.00000000    
   1.49500000       0.00000000    
   1.50500000       0.00000000    
   1.51499999       0.00000000    
   1.52499998       0.00000000    
   1.53499997       0.00000000    
   1.54499996       0.00000000    
   1.55499995       0.00000000    
   1.56499994       0.00000000    
   1.57499993       0.00000000    
   1.58499992       1.00000005E-03
   1.59499991       0.00000000    
   1.60500002       0.00000000    
   1.61500001       0.00000000    
   1.62500000       0.00000000    
   1.63499999       0.00000000    
   1.64499998       0.00000000    
   1.65499997       0.00000000    
   1.66499996       0.00000000    
   1.67499995       0.00000000    
   1.68499994       0.00000000    
   1.69499993       0.00000000    
   1.70499992       0.00000000    
   1.71499991       0.00000000    
   1.72499990       0.00000000    
   1.73500001       0.00000000    
   1.74500000       0.00000000    
   1.75500000       0.00000000    
   1.76499999       0.00000000    
   1.77499998       0.00000000    
   1.78499997       0.00000000    
   1.79499996       0.00000000    
   1.80499995       0.00000000    
   1.81499994       0.00000000    
   1.82499993       0.00000000    
   1.83499992       0.00000000    
   1.84499991       0.00000000    
   1.85499990       0.00000000    
   1.86500001       0.00000000    
   1.87500000       0.00000000    
   1.88499999       0.00000000    
   1.89499998       0.00000000    
   1.90499997       0.00000000    
   1.91499996       0.00000000    
   1.92499995       0.00000000    
   1.93499994       0.00000000    
   1.94499993       0.00000000    
   1.95499992       0.00000000    
   1.96499991       0.00000000    
   1.97499990       0.00000000    
   1.98500001       0.00000000    
   1.99500000       0.00000000    
   2.00499988       1.00000005E-03
   2.01499987       0.00000000    
   2.02499986       0.00000000    
   2.03499985       0.00000000    
   2.04499984       0.00000000    
   2.05500007       0.00000000    
   2.06500006       0.00000000    
   2.07500005       1.00000005E-03
   2.08500004       0.00000000    
   2.09500003       0.00000000    
   2.10500002       0.00000000    
   2.11500001       0.00000000    
   2.12500000       0.00000000    
   2.13499999       0.00000000    
   2.14499998       0.00000000    
   2.15499997       0.00000000    
   2.16499996       0.00000000    
   2.17499995       0.00000000    
   2.18499994       1.00000005E-03
   2.19499993       0.00000000    
   2.20499992       0.00000000    
   2.21499991       0.00000000    
   2.22499990       0.00000000    
   2.23499990       0.00000000    
   2.24499989       0.00000000    
   2.25499988       0.00000000    
   2.26499987       0.00000000    
   2.27499986       0.00000000    
   2.28499985       0.00000000    
   2.29499984       0.00000000    
   2.30500007       0.00000000    
   2.31500006       0.00000000    
   2.32500005       0.00000000    
   2.33500004       0.00000000    
   2.34500003       0.00000000    
   2.35500002       0.00000000    
   2.36500001       0.00000000    
   2.37500000       0.00000000    
   2.38499999       0.00000000    
   2.39499998       0.00000000    
   2.40499997       0.00000000    
   2.41499996       0.00000000    
   2.42499995       0.00000000    
   2.43499994       0.00000000    
   2.44499993       1.00000005E-03
   2.45499992       0.00000000    
   2.46499991       0.00000000    
   2.47499990       0.00000000    
   2.48499990       0.00000000    
   2.49499989       0.00000000    
   2.50499988       0.00000000    
   2.51499987       0.00000000    
   2.52499986       0.00000000    
   2.53499985       1.00000005E-03
   2.54499984       0.00000000    
   2.55499983       0.00000000    
   2.56500006       0.00000000    
   2.57500005       0.00000000    
   2.58500004       0.00000000    
   2.59500003       1.00000005E-03
   2.60500002       0.00000000    
   2.61500001       1.00000005E-03
   2.62500000       0.00000000    
   2.63499999       1.00000005E-03
   2.64499998       1.00000005E-03
   2.65499997       0.00000000    
   2.66499996       0.00000000    
   2.67499995       0.00000000    
   2.68499994       1.00000005E-03
   2.69499993       0.00000000    
   2.70499992       0.00000000    
   2.71499991       0.00000000    
   2.72499990       2.00000009E-03
   2.73499990       0.00000000    
   2.74499989       0.00000000    
   2.75499988       0.00000000    
   2.76499987       0.00000000    
   2.77499986       0.00000000    
   2.78499985       0.00000000    
   2.79499984       0.00000000    
   2.80499983       0.00000000    
   2.81499982       0.00000000    
   2.82500005       1.00000005E-03
   2.83500004       1.00000005E-03
   2.84500003       0.00000000    
   2.85500002       0.00000000    
   2.86500001       0.00000000    
   2.87500000       2.00000009E-03
   2.88499999       0.00000000    
   2.89499998       1.00000005E-03
   2.90499997       0.00000000    
   2.91499996       0.00000000    
   2.92499995       0.00000000    
   2.93499994       0.00000000    
   2.94499993       1.00000005E-03
   2.95499992       0.00000000    
   2.96499991       1.00000005E-03
   2.97499990       0.00000000    
   2.98499990       0.00000000    
   2.99499989       0.00000000    
   3.00499988       0.00000000    
   3.01499987       1.00000005E-03
   3.02499986       0.00000000    
   3.03499985       1.00000005E-03
   3.04499984       0.00000000    
   3.05499983       0.00000000    
   3.06499982       1.00000005E-03
   3.07500005       0.00000000    
   3.08500004       1.00000005E-03
   3.09500003       1.00000005E-03
   3.10500002       1.00000005E-03
   3.11500001       0.00000000    
   3.12500000       0.00000000    
   3.13499999       0.00000000    
   3.14499998       1.00000005E-03
   3.15499997       1.00000005E-03
   3.16499996       2.00000009E-03
   3.17499995       2.00000009E-03
   3.18499994       2.00000009E-03
   3.19499993       0.00000000    
   3.20499992       0.00000000    
   3.21499991       0.00000000    
   3.22499990       1.00000005E-03
   3.23499990       1.00000005E-03
   3.24499989       1.00000005E-03
   3.25499988       1.00000005E-03
   3.26499987       0.00000000    
   3.27499986       1.00000005E-03
   3.28499985       2.00000009E-03
   3.29499984       2.00000009E-03
   3.30499983       1.00000005E-03
   3.31499982       3.00000003E-03
   3.32499981       3.00000003E-03
   3.33500004       1.00000005E-03
   3.34500003       3.00000003E-03
   3.35500002       1.00000005E-03
   3.36500001       0.00000000    
   3.37500000       3.00000003E-03
   3.38499999       0.00000000    
   3.39499998       0.00000000    
   3.40499997       1.00000005E-03
   3.41499996       1.00000005E-03
   3.42499995       1.00000005E-03
   3.43499994       1.00000005E-03
   3.44499993       0.00000000    
   3.45499992       0.00000000    
   3.46499991       3.00000003E-03
   3.47499990       2.00000009E-03
   3.48499990       1.00000005E-03
   3.49499989       0.00000000    
   3.50499988       2.00000009E-03
   3.51499987       2.00000009E-03
   3.52499986       1.00000005E-03
   3.53499985       2.00000009E-03
   3.54499984       2.00000009E-03
   3.55499983       0.00000000    
   3.56499982       2.00000009E-03
   3.57499981       2.00000009E-03
   3.58500004       1.00000005E-03
   3.59500003       0.00000000    
   3.60500002       1.00000005E-03
   3.61500001       0.00000000    
   3.62500000       0.00000000    
   3.63499999       0.00000000    
   3.64499998       1.00000005E-03
   3.65499997       1.00000005E-03
   3.66499996       1.00000005E-03
   3.67499995       1.00000005E-03
   3.68499994       0.00000000    
   3.69499993       2.00000009E-03
   3.70499992       0.00000000    
   3.71499991       1.00000005E-03
   3.72499990       3.00000003E-03
   3.73499990       0.00000000    
   3.74499989       2.00000009E-03
   3.75499988       4.00000019E-03
   3.76499987       1.00000005E-03
   3.77499986       3.00000003E-03
   3.78499985       0.00000000    
   3.79499984       4.00000019E-03
   3.80499983       0.00000000    
   3.81499982       1.00000005E-03
   3.82499981       1.00000005E-03
   3.83499980       2.00000009E-03
   3.84500003       0.00000000    
   3.85500002       2.00000009E-03
   3.86500001       1.00000005E-03
   3.87500000       2.00000009E-03
   3.88499999       0.00000000    
   3.89499998       3.00000003E-03
   3.90499997       1.00000005E-03
   3.91499996       4.00000019E-03
   3.92499995       3.00000003E-03
   3.93499994       4.00000019E-03
   3.94499993       0.00000000    
   3.95499992       1.00000005E-03
   3.96499991       4.00000019E-03
   3.97499990       0.00000000    
   3.98499990       3.00000003E-03
   3.99499989       2.00000009E-03
   4.00500011       2.00000009E-03
   4.01499987       4.00000019E-03
   4.02500010       1.00000005E-03
   4.03499985       4.00000019E-03
   4.04500008       1.00000005E-03
   4.05499983       4.99999989E-03
   4.06500006       4.00000019E-03
   4.07499981       2.00000009E-03
   4.08500004       6.00000005E-03
   4.09499979       3.00000003E-03
   4.10500002       2.00000009E-03
   4.11499977       2.00000009E-03
   4.12500000       1.00000005E-03
   4.13499975       1.00000005E-03
   4.14499998       6.00000005E-03
   4.15499973       4.00000019E-03
   4.16499996       4.00000019E-03
   4.17499971       0.00000000    
   4.18499994       2.00000009E-03
   4.19499969       2.00000009E-03
   4.20499992       4.99999989E-03
   4.21499968       2.00000009E-03
   4.22499990       2.00000009E-03
   4.23500013       4.00000019E-03
   4.24499989       4.00000019E-03
   4.25500011       1.00000005E-03
   4.26499987       2.00000009E-03
   4.27500010       1.00000005E-03
   4.28499985       3.00000003E-03
   4.29500008       4.00000019E-03
   4.30499983       3.00000003E-03
   4.31500006       9.00000054E-03
   4.32499981       2.00000009E-03
   4.33500004       4.99999989E-03
   4.34499979       4.00000019E-03
   4.35500002       3.00000003E-03
   4.36499977       1.00000005E-03
   4.37500000       2.00000009E-03
   4.38499975       3.00000003E-03
   4.39499998       3.00000003E-03
   4.40499973       6.00000005E-03
   4.41499996       4.00000019E-03
   4.42499971       2.00000009E-03
   4.43499994       4.99999989E-03
   4.44499969       2.00000009E-03
   4.45499992       7.00000022E-03
   4.46499968       6.00000005E-03
   4.47499990       0.00000000    
   4.48500013       3.00000003E-03
   4.49499989       6.00000005E-03
   4.50500011       3.00000003E-03
   4.51499987       4.00000019E-03
   4.52500010       6.00000005E-03
   4.53499985       2.00000009E-03
   4.54500008       6.00000005E-03
   4.55499983       4.99999989E-03
   4.56500006       4.00000019E-03
   4.57499981       8.00000038E-03
   4.58500004       4.00000019E-03
   4.59499979       2.00000009E-03
   4.60500002       4.00000019E-03
   4.61499977       1.50000006E-02
   4.62500000       1.09999999E-02
   4.63499975       8.00000038E-03
   4.64499998       2.00000009E-03
   4.65499973       8.00000038E-03
   4.66499996       2.00000009E-03
   4.67499971       3.00000003E-03
   4.68499994       8.00000038E-03
   4.69499969       7.00000022E-03
   4.70499992       4.99999989E-03
   4.71499968       3.00000003E-03
   4.72499990       6.00000005E-03
   4.73499966       4.99999989E-03
   4.74499989       4.99999989E-03
   4.75500011       4.00000019E-03
   4.76499987       1.09999999E-02
   4.77500010       8.00000038E-03
   4.78499985       8.00000038E-03
   4.79500008       3.00000003E-03
   4.80499983       7.00000022E-03
   4.81500006       6.00000005E-03
   4.82499981       6.00000005E-03
   4.83500004       6.00000005E-03
   4.84499979       4.99999989E-03
   4.85500002       9.99999978E-03
   4.86499977       8.00000038E-03
   4.87500000       8.00000038E-03
   4.88499975       8.00000038E-03
   4.89499998       1.50000006E-02
   4.90499973       3.00000003E-03
   4.91499996       7.00000022E-03
   4.92499971       9.00000054E-03
   4.93499994       2.00000009E-03
   4.94499969       9.99999978E-03
   4.95499992       9.00000054E-03
   4.96499968       9.99999978E-03
   4.97499990       9.99999978E-03
   4.98499966       1.09999999E-02
   4.99499989       9.00000054E-03
   5.00500011       9.99999978E-03
   5.01499987       8.00000038E-03
   5.02500010       6.00000005E-03
   5.03499985       8.00000038E-03
   5.04500008       9.00000054E-03
   5.05499983       1.20000001E-02
   5.06500006       6.00000005E-03
   5.07499981       1.50000006E-02
   5.08500004       6.00000005E-03
   5.09499979       1.30000003E-02
   5.10500002       9.00000054E-03
   5.11499977       7.00000022E-03
   5.12500000       1.40000004E-02
   5.13499975       1.50000006E-02
   5.14499998       1.40000004E-02
   5.15499973       9.00000054E-03
   5.16499996       1.30000003E-02
   5.17499971       1.40000004E-02
   5.18499994       1.09999999E-02
   5.19499969       1.09999999E-02
   5.20499992       1.70000009E-02
   5.21499968       1.40000004E-02
   5.22499990       1.20000001E-02
   5.23499966       1.09999999E-02
   5.24499989       8.00000038E-03
   5.25500011       1.40000004E-02
   5.26499987       1.50000006E-02
   5.27500010       1.20000001E-02
   5.28499985       1.09999999E-02
   5.29500008       9.99999978E-03
   5.30499983       9.00000054E-03
   5.31500006       9.99999978E-03
   5.32499981       9.99999978E-03
   5.33500004       9.99999978E-03
   5.34499979       1.20000001E-02
   5.35500002       1.20000001E-02
   5.36499977       1.60000008E-02
   5.37500000       1.50000006E-02
   5.38499975       1.09999999E-02
   5.39499998       1.90000013E-02
   5.40499973       1.60000008E-02
   5.41499996       1.30000003E-02
   5.42499971       1.50000006E-02
   5.43499994       1.80000011E-02
   5.44499969       2.19999999E-02
   5.45499992       1.20000001E-02
   5.46499968       1.30000003E-02
   5.47499990       1.90000013E-02
   5.48499966       1.20000001E-02
   5.49499989       9.00000054E-03
   5.50500011       1.70000009E-02
   5.51499987       2.70000007E-02
   5.52500010       1.99999996E-02
   5.53499985       1.90000013E-02
   5.54500008       1.30000003E-02
   5.55499983       1.60000008E-02
   5.56500006       1.99999996E-02
   5.57499981       1.50000006E-02
   5.58500004       3.29999998E-02
   5.59499979       1.40000004E-02
   5.60500002       1.60000008E-02
   5.61499977       1.90000013E-02
   5.62500000       1.50000006E-02
   5.63499975       1.99999996E-02
   5.64499998       1.50000006E-02
   5.65499973       1.70000009E-02
   5.66499996       2.09999997E-02
   5.67499971       1.40000004E-02
   5.68499994       1.60000008E-02
   5.69499969       1.70000009E-02
   5.70499992       2.70000007E-02
   5.71499968       1.40000004E-02
   5.72499990       1.70000009E-02
   5.73499966       2.09999997E-02
   5.74499989       1.99999996E-02
   5.75499964       2.50000004E-02
   5.76499987       1.60000008E-02
   5.77500010       2.50000004E-02
   5.78499985       1.70000009E-02
   5.79500008       1.70000009E-02
   5.80499983       2.09999997E-02
   5.81500006       2.30000000E-02
   5.82499981       2.70000007E-02
   5.83500004       1.99999996E-02
   5.84499979       3.29999998E-02
   5.85500002       2.19999999E-02
   5.86499977       2.50000004E-02
   5.87500000       2.09999997E-02
   5.88499975       1.90000013E-02
   5.89499998       2.50000004E-02
   5.90499973       2.30000000E-02
   5.91499996       2.80000009E-02
   5.92499971       2.19999999E-02
   5.93499994       3.20000015E-02
   5.94499969       2.30000000E-02
   5.95499992       2.90000010E-02
   5.96499968       3.10000014E-02
   5.97499990       2.50000004E-02
   5.98499966       2.19999999E-02
   5.99499989       2.40000002E-02
   6.00499964       3.20000015E-02
   6.01499987       2.30000000E-02
   6.02500010       3.00000012E-02
   6.03499985       3.99999991E-02
   6.04500008       3.10000014E-02
   6.05499983       2.90000010E-02
   6.06500006       2.09999997E-02
   6.07499981       2.80000009E-02
   6.08500004       2.70000007E-02
   6.09499979       2.80000009E-02
   6.10500002       3.10000014E-02
   6.11499977       2.09999997E-02
   6.12500000       2.80000009E-02
   6.13499975       3.40000018E-02
   6.14499998       3.10000014E-02
   6.15499973       3.60000022E-02
   6.16499996       2.30000000E-02
   6.17499971       3.99999991E-02
   6.18499994       3.10000014E-02
   6.19499969       3.00000012E-02
   6.20499992       3.40000018E-02
   6.21499968       3.10000014E-02
   6.22499990       3.70000005E-02
   6.23499966       3.60000022E-02
   6.24499989       3.70000005E-02
   6.25499964       4.10000011E-02
   6.26499987       4.10000011E-02
   6.27500010       4.10000011E-02
   6.28499985       3.80000025E-02
   6.29500008       3.10000014E-02
   6.30499983       3.70000005E-02
   6.31500006       3.70000005E-02
   6.32499981       3.99999991E-02
   6.33500004       3.29999998E-02
   6.34499979       4.19999994E-02
   6.35500002       4.60000001E-02
   6.36499977       4.10000011E-02
   6.37500000       3.60000022E-02
   6.38499975       4.30000015E-02
   6.39499998       3.50000001E-02
   6.40499973       3.50000001E-02
   6.41499996       3.99999991E-02
   6.42499971       2.50000004E-02
   6.43499994       4.39999998E-02
   6.44499969       3.99999991E-02
   6.45499992       4.39999998E-02
   6.46499968       2.80000009E-02
   6.47499990       4.50000018E-02
   6.48499966       4.10000011E-02
   6.49499989       3.00000012E-02
   6.50499964       3.90000008E-02
   6.51499987       4.70000021E-02
   6.52499962       4.39999998E-02
   6.53499985       6.20000027E-02
   6.54500008       4.19999994E-02
   6.55499983       3.80000025E-02
   6.56500006       5.90000004E-02
   6.57499981       5.90000004E-02
   6.58500004       4.90000024E-02
   6.59499979       4.50000018E-02
   6.60500002       3.50000001E-02
   6.61499977       4.19999994E-02
   6.62500000       4.19999994E-02
   6.63499975       4.80000004E-02
   6.64499998       5.10000028E-02
   6.65499973       4.90000024E-02
   6.66499996       4.30000015E-02
   6.67499971       5.49999997E-02
   6.68499994       5.49999997E-02
   6.69499969       4.19999994E-02
   6.70499992       3.40000018E-02
   6.71499968       5.29999994E-02
   6.72499990       6.00000024E-02
   6.73499966       5.40000014E-02
   6.74499989       6.00000024E-02
   6.75499964       5.90000004E-02
   6.76499987       4.80000004E-02
   6.77499962       6.89999983E-02
   6.78499985       5.40000014E-02
   6.79500008       7.10000023E-02
   6.80499983       5.40000014E-02
   6.81500006       5.80000021E-02
   6.82499981       5.40000014E-02
   6.83500004       4.90000024E-02
   6.84499979       5.70000000E-02
   6.85500002       6.70000017E-02
   6.86499977       7.00000003E-02
   6.87500000       6.10000007E-02
   6.88499975       7.00000003E-02
   6.89499998       4.39999998E-02
   6.90499973       6.70000017E-02
   6.91499996       6.70000017E-02
   6.92499971       6.50000051E-02
   6.93499994       4.80000004E-02
   6.94499969       6.20000027E-02
   6.95499992       7.99999982E-02
   6.96499968       6.70000017E-02
   6.97499990       7.00000003E-02
   6.98499966       6.50000051E-02
   6.99499989       6.70000017E-02
   7.00499964       6.80000037E-02
   7.01499987       6.50000051E-02
   7.02499962       6.59999996E-02
   7.03499985       5.00000007E-02
   7.04500008       6.80000037E-02
   7.05499983       7.00000003E-02
   7.06500006       6.80000037E-02
   7.07499981       6.40000030E-02
   7.08500004       7.80000016E-02
   7.09499979       7.40000010E-02
   7.10500002       6.59999996E-02
   7.11499977       6.30000010E-02
   7.12500000       6.00000024E-02
   7.13499975       6.50000051E-02
   7.14499998       6.89999983E-02
   7.15499973       6.20000027E-02
   7.16499996       8.10000002E-02
   7.17499971       7.99999982E-02
   7.18499994       8.20000023E-02
   7.19499969       6.80000037E-02
   7.20499992       7.00000003E-02
   7.21499968       8.20000023E-02
   7.22499990       6.70000017E-02
   7.23499966       7.20000044E-02
   7.24499989       7.40000010E-02
   7.25499964       7.40000010E-02
   7.26499987       6.10000007E-02
   7.27499962       7.80000016E-02
   7.28499985       7.80000016E-02
   7.29499960       6.89999983E-02
   7.30499983       5.40000014E-02
   7.31500006       9.30000022E-02
   7.32499981       8.90000015E-02
   7.33500004       8.39999989E-02
   7.34499979       7.99999982E-02
   7.35500002       9.10000056E-02
   7.36499977       9.00000036E-02
   7.37500000       9.10000056E-02
   7.38499975       9.70000029E-02
   7.39499998       8.60000029E-02
   7.40499973       8.79999995E-02
   7.41499996       7.90000036E-02
   7.42499971       9.10000056E-02
   7.43499994      0.105999999    
   7.44499969       8.90000015E-02
   7.45499992       8.20000023E-02
   7.46499968       9.10000056E-02
   7.47499990      0.102000006    
   7.48499966       9.30000022E-02
   7.49499989      0.103000000    
   7.50499964       9.00000036E-02
   7.51499987       7.99999982E-02
   7.52499962       8.60000029E-02
   7.53499985       9.40000042E-02
   7.54499960       8.90000015E-02
   7.55499983      0.108000003    
   7.56500006       9.30000022E-02
   7.57499981       9.40000042E-02
   7.58500004       9.70000029E-02
   7.59499979       9.00000036E-02
   7.60500002      0.105999999    
   7.61499977      0.111000001    
   7.62500000       8.79999995E-02
   7.63499975       9.49999988E-02
   7.64499998      0.105999999    
   7.65499973       9.89999995E-02
   7.66499996      0.100000001    
   7.67499971      0.101000004    
   7.68499994       9.10000056E-02
   7.69499969      0.113000005    
   7.70499992       9.49999988E-02
   7.71499968      0.100000001    
   7.72499990      0.116000004    
   7.73499966      0.113000005    
   7.74499989      0.111000001    
   7.75499964       9.30000022E-02
   7.76499987      0.102000006    
   7.77499962       8.90000015E-02
   7.78499985      0.114000000    
   7.79499960      0.120000005    
   7.80499983      0.114000000    
   7.81500006      0.119000003    
   7.82499981      0.124000005    
   7.83500004      0.105999999    
   7.84499979       9.49999988E-02
   7.85500002      0.115000002    
   7.86499977      0.120999999    
   7.87500000      0.112000003    
   7.88499975      0.114000000    
   7.89499998      0.133000001    
   7.90499973      0.128000006    
   7.91499996      0.109000005    
   7.92499971      0.109000005    
   7.93499994      0.123000003    
   7.94499969      0.118000001    
   7.95499992      0.108000003    
   7.96499968      0.114000000    
   7.97499990      0.114000000    
   7.98499966      0.126000002    
   7.99499989      0.112000003    
   8.00500011      0.124000005    
   8.01499939      0.130000010    
   8.02499962      0.123000003    
   8.03499985      0.126000002    
   8.04500008      0.130000010    
   8.05499935      0.112000003    
   8.06499958      0.126000002    
   8.07499981      0.123000003    
   8.08500004      0.116000004    
   8.09500027      0.142000005    
   8.10499954      0.129000008    
   8.11499977      0.135000005    
   8.12500000      0.135000005    
   8.13500023      0.144999996    
   8.14499950      0.123000003    
   8.15499973      0.126000002    
   8.16499996      0.155000001    
   8.17500019      0.123000003    
   8.18499947      0.137999997    
   8.19499969      0.137999997    
   8.20499992      0.138999999    
   8.21500015      0.142000005    
   8.22499943      0.148000002    
   8.23499966      0.145999998    
   8.24499989      0.117000006    
   8.25500011      0.151000008    
   8.26499939      0.136000007    
   8.27499962      0.156000003    
   8.28499985      0.134000003    
   8.29500008      0.129000008    
   8.30499935      0.138999999    
   8.31499958      0.156000003    
   8.32499981      0.143000007    
   8.33500004      0.124000005    
   8.34500027      0.115000002    
   8.35499954      0.133000001    
   8.36499977      0.155000001    
   8.37500000      0.149000004    
   8.38500023      0.153999999    
   8.39499950      0.150000006    
   8.40499973      0.138999999    
   8.41499996      0.149000004    
   8.42500019      0.137999997    
   8.43499947      0.140000001    
   8.44499969      0.131999999    
   8.45499992      0.151000008    
   8.46500015      0.149000004    
   8.47499943      0.177000001    
   8.48499966      0.133000001    
   8.49499989      0.144999996    
   8.50500011      0.167999998    
   8.51499939      0.133000001    
   8.52499962      0.170000002    
   8.53499985      0.148000002    
   8.54500008      0.156000003    
   8.55499935      0.145999998    
   8.56499958      0.160999998    
   8.57499981      0.160999998    
   8.58500004      0.159999996    
   8.59500027      0.167999998    
   8.60499954      0.156000003    
   8.61499977      0.137000009    
   8.62500000      0.174999997    
   8.63500023      0.153999999    
   8.64499950      0.142000005    
   8.65499973      0.151000008    
   8.66499996      0.157000005    
   8.67500019      0.144999996    
   8.68499947      0.159999996    
   8.69499969      0.156000003    
   8.70499992      0.145999998    
   8.71500015      0.158000007    
   8.72499943      0.153999999    
   8.73499966      0.155000001    
   8.74499989      0.157000005    
   8.75500011      0.159000009    
   8.76499939      0.167999998    
   8.77499962      0.167999998    
   8.78499985      0.159999996    
   8.79500008      0.199000001    
   8.80499935      0.167999998    
   8.81499958      0.162000000    
   8.82499981      0.144000009    
   8.83500004      0.191000000    
   8.84500027      0.163000003    
   8.85499954      0.186000004    
   8.86499977      0.169000000    
   8.87500000      0.163000003    
   8.88500023      0.164000005    
   8.89499950      0.174000010    
   8.90499973      0.144999996    
   8.91499996      0.182999998    
   8.92500019      0.152000010    
   8.93499947      0.192000002    
   8.94499969      0.203000009    
   8.95499992      0.156000003    
   8.96500015      0.188000008    
   8.97499943      0.170000002    
   8.98499966      0.152000010    
   8.99499989      0.193000004    
   9.00500011      0.165000007    
   9.01499939      0.181000009    
   9.02499962      0.180000007    
   9.03499985      0.181000009    
   9.04500008      0.189999998    
   9.05499935      0.170000002    
   9.06499958      0.179000005    
   9.07499981      0.196000010    
   9.08500004      0.170000002    
   9.09500027      0.171000004    
   9.10499954      0.166000009    
   9.11499977      0.203000009    
   9.12500000      0.173000008    
   9.13500023      0.179000005    
   9.14499950      0.175999999    
   9.15499973      0.199000001    
   9.16499996      0.167999998    
   9.17500019      0.167999998    
   9.18499947      0.184000000    
   9.19499969      0.155000001    
   9.20499992      0.195000008    
   9.21500015      0.195000008    
   9.22499943      0.199000001    
   9.23499966      0.192000002    
   9.24499989      0.199000001    
   9.25500011      0.181000009    
   9.26499939      0.167999998    
   9.27499962      0.179000005    
   9.28499985      0.182999998    
   9.29500008      0.209000006    
   9.30499935      0.200000003    
   9.31499958      0.199000001    
   9.32499981      0.179000005    
   9.33500004      0.173000008    
   9.34500027      0.167999998    
   9.35499954      0.203000009    
   9.36499977      0.207000002    
   9.37500000      0.201000005    
   9.38500023      0.179000005    
   9.39499950      0.174999997    
   9.40499973      0.178000003    
   9.41499996      0.196000010    
   9.42500019      0.211999997    
   9.43499947      0.203000009    
   9.44499969      0.199000001    
   9.45499992      0.208000004    
   9.46500015      0.199000001    
   9.47499943      0.197999999    
   9.48499966      0.197999999    
   9.49499989      0.208000004    
   9.50500011      0.187000006    
   9.51499939      0.192000002    
   9.52499962      0.179000005    
   9.53499985      0.192000002    
   9.54500008      0.207000002    
   9.55499935      0.180000007    
   9.56499958      0.197999999    
   9.57499981      0.193000004    
   9.58500004      0.201000005    
   9.59499931      0.191000000    
   9.60499954      0.187000006    
   9.61499977      0.202000007    
   9.62500000      0.177000001    
   9.63500023      0.192000002    
   9.64499950      0.202000007    
   9.65499973      0.186000004    
   9.66499996      0.187000006    
   9.67500019      0.187000006    
   9.68499947      0.214000002    
   9.69499969      0.199000001    
   9.70499992      0.201000005    
   9.71500015      0.187000006    
   9.72499943      0.211999997    
   9.73499966      0.177000001    
   9.74499989      0.175999999    
   9.75500011      0.199000001    
   9.76499939      0.210000008    
   9.77499962      0.174000010    
   9.78499985      0.178000003    
   9.79500008      0.197000012    
   9.80499935      0.201000005    
   9.81499958      0.182000011    
   9.82499981      0.211000010    
   9.83500004      0.184000000    
   9.84499931      0.204000011    
   9.85499954      0.209000006    
   9.86499977      0.170000002    
   9.87500000      0.200000003    
   9.88500023      0.202000007    
   9.89499950      0.202000007    
   9.90499973      0.177000001    
   9.91499996      0.195000008    
   9.92500019      0.169000000    
   9.93499947      0.213000000    
   9.94499969      0.202000007    
   9.95499992      0.191000000    
   9.96500015      0.182999998    
   9.97499943      0.213000000    
   9.98499966      0.207000002    
   9.99499989      0.197000012    
   10.0050001      0.192000002    
   10.0149994      0.191000000    
   10.0249996      0.169000000    
   10.0349998      0.196000010    
   10.0450001      0.187000006    
   10.0549994      0.204000011    
   10.0649996      0.223000005    
   10.0749998      0.211999997    
   10.0850000      0.201000005    
   10.0949993      0.203000009    
   10.1049995      0.193000004    
   10.1149998      0.182999998    
   10.1250000      0.197999999    
   10.1350002      0.187000006    
   10.1449995      0.237000003    
   10.1549997      0.207000002    
   10.1650000      0.189999998    
   10.1750002      0.211999997    
   10.1849995      0.213000000    
   10.1949997      0.193000004    
   10.2049999      0.189999998    
   10.2150002      0.209000006    
   10.2249994      0.194000006    
   10.2349997      0.194000006    
   10.2449999      0.217000008    
   10.2550001      0.188000008    
   10.2649994      0.194000006    
   10.2749996      0.203000009    
   10.2849998      0.200000003    
   10.2950001      0.184000000    
   10.3049994      0.184000000    
   10.3149996      0.201000005    
   10.3249998      0.177000001    
   10.3350000      0.187000006    
   10.3449993      0.186000004    
   10.3549995      0.199000001    
   10.3649998      0.180000007    
   10.3750000      0.215000004    
   10.3850002      0.204000011    
   10.3949995      0.189000010    
   10.4049997      0.204000011    
   10.4150000      0.191000000    
   10.4250002      0.167999998    
   10.4349995      0.219999999    
   10.4449997      0.216000006    
   10.4549999      0.169000000    
   10.4650002      0.202000007    
   10.4749994      0.211999997    
   10.4849997      0.195000008    
   10.4949999      0.204999998    
   10.5050001      0.187000006    
   10.5149994      0.211000010    
   10.5249996      0.207000002    
   10.5349998      0.201000005    
   10.5450001      0.186000004    
   10.5549994      0.182999998    
   10.5649996      0.186000004    
   10.5749998      0.173000008    
   10.5850000      0.173000008    
   10.5949993      0.202000007    
   10.6049995      0.181000009    
   10.6149998      0.197999999    
   10.6250000      0.192000002    
   10.6350002      0.181000009    
   10.6449995      0.186000004    
   10.6549997      0.167999998    
   10.6650000      0.199000001    
   10.6750002      0.184000000    
   10.6849995      0.174000010    
   10.6949997      0.178000003    
   10.7049999      0.182000011    
   10.7150002      0.172000006    
   10.7249994      0.187000006    
   10.7349997      0.189000010    
   10.7449999      0.213000000    
   10.7550001      0.165000007    
   10.7649994      0.192000002    
   10.7749996      0.188000008    
   10.7849998      0.188000008    
   10.7950001      0.178000003    
   10.8049994      0.162000000    
   10.8149996      0.194000006    
   10.8249998      0.177000001    
   10.8350000      0.163000003    
   10.8449993      0.188000008    
   10.8549995      0.172000006    
   10.8649998      0.178000003    
   10.8750000      0.192000002    
   10.8850002      0.194000006    
   10.8949995      0.165000007    
   10.9049997      0.203000009    
   10.9150000      0.177000001    
   10.9250002      0.158000007    
   10.9349995      0.201000005    
   10.9449997      0.189999998    
   10.9549999      0.189999998    
   10.9650002      0.159999996    
   10.9749994      0.167999998    
   10.9849997      0.193000004    
   10.9949999      0.157000005    
   11.0050001      0.191000000    
   11.0149994      0.169000000    
   11.0249996      0.177000001    
   11.0349998      0.184000000    
   11.0450001      0.184000000    
   11.0549994      0.155000001    
   11.0649996      0.193000004    
   11.0749998      0.172000006    
   11.0850000      0.151000008    
   11.0949993      0.184000000    
   11.1049995      0.194000006    
   11.1149998      0.179000005    
   11.1250000      0.170000002    
   11.1349993      0.171000004    
   11.1449995      0.164000005    
   11.1549997      0.162000000    
   11.1650000      0.174999997    
   11.1750002      0.175999999    
   11.1849995      0.149000004    
   11.1949997      0.151000008    
   11.2049999      0.144000009    
   11.2150002      0.173000008    
   11.2249994      0.169000000    
   11.2349997      0.145999998    
   11.2449999      0.173000008    
   11.2550001      0.189000010    
   11.2649994      0.181000009    
   11.2749996      0.172000006    
   11.2849998      0.170000002    
   11.2950001      0.182000011    
   11.3049994      0.172000006    
   11.3149996      0.182000011    
   11.3249998      0.152000010    
   11.3350000      0.180000007    
   11.3449993      0.155000001    
   11.3549995      0.140000001    
   11.3649998      0.157000005    
   11.3750000      0.158000007    
   11.3849993      0.145999998    
   11.3949995      0.143000007    
   11.4049997      0.164000005    
   11.4150000      0.143000007    
   11.4250002      0.167000011    
   11.4349995      0.165000007    
   11.4449997      0.142000005    
   11.4549999      0.158000007    
   11.4650002      0.131999999    
   11.4749994      0.156000003    
   11.4849997      0.159000009    
   11.4949999      0.145999998    
   11.5050001      0.162000000    
   11.5149994      0.137999997    
   11.5249996      0.167000011    
   11.5349998      0.151000008    
   11.5450001      0.150000006    
   11.5549994      0.158000007    
   11.5649996      0.151000008    
   11.5749998      0.144000009    
   11.5850000      0.137999997    
   11.5949993      0.127000004    
   11.6049995      0.147000000    
   11.6149998      0.147000000    
   11.6250000      0.141000003    
   11.6349993      0.128000006    
   11.6449995      0.155000001    
   11.6549997      0.133000001    
   11.6650000      0.151000008    
   11.6750002      0.142000005    
   11.6849995      0.136000007    
   11.6949997      0.124000005    
   11.7049999      0.130999997    
   11.7150002      0.137999997    
   11.7249994      0.136000007    
   11.7349997      0.130999997    
   11.7449999      0.140000001    
   11.7550001      0.135000005    
   11.7649994      0.133000001    
   11.7749996      0.136000007    
   11.7849998      0.130000010    
   11.7950001      0.144999996    
   11.8049994      0.124000005    
   11.8149996      0.122000001    
   11.8249998      0.140000001    
   11.8350000      0.141000003    
   11.8449993      0.133000001    
   11.8549995      0.114000000    
   11.8649998      0.136000007    
   11.8750000      0.134000003    
   11.8849993      0.137999997    
   11.8949995      0.115000002    
   11.9049997      0.118000001    
   11.9150000      0.137999997    
   11.9250002      0.122000001    
   11.9349995      0.124000005    
   11.9449997      0.120000005    
   11.9549999      0.128000006    
   11.9650002      0.119000003    
   11.9749994      0.142000005    
   11.9849997      0.123000003    
   11.9949999      0.136000007    
   12.0050001      0.112000003    
   12.0149994      0.120000005    
   12.0249996      0.117000006    
   12.0349998      0.115000002    
   12.0450001      0.107000001    
   12.0549994      0.123000003    
   12.0649996      0.125000000    
   12.0749998      0.116000004    
   12.0850000      0.133000001    
   12.0949993      0.112000003    
   12.1049995      0.113000005    
   12.1149998       9.60000008E-02
   12.1250000      0.113000005    
   12.1349993      0.120999999    
   12.1449995      0.122000001    
   12.1549997      0.129000008    
   12.1650000      0.127000004    
   12.1750002      0.137000009    
   12.1849995      0.107000001    
   12.1949997      0.101000004    
   12.2049999      0.101000004    
   12.2150002       9.80000049E-02
   12.2249994      0.115000002    
   12.2349997      0.104000002    
   12.2449999      0.107000001    
   12.2550001       8.70000049E-02
   12.2649994      0.114000000    
   12.2749996      0.100000001    
   12.2849998      0.127000004    
   12.2950001       8.30000043E-02
   12.3049994       9.60000008E-02
   12.3149996      0.111000001    
   12.3249998       9.30000022E-02
   12.3350000      0.107000001    
   12.3449993      0.112000003    
   12.3549995      0.105000004    
   12.3649998      0.116000004    
   12.3750000       8.90000015E-02
   12.3849993       9.10000056E-02
   12.3949995      0.103000000    
   12.4049997       7.69999996E-02
   12.4150000       9.40000042E-02
   12.4250002      0.103000000    
   12.4349995      0.108000003    
   12.4449997      0.100000001    
   12.4549999      0.109999999    
   12.4650002       9.80000049E-02
   12.4749994       8.79999995E-02
   12.4849997       8.90000015E-02
   12.4949999       9.20000002E-02
   12.5050001       9.40000042E-02
   12.5149994       9.20000002E-02
   12.5249996       9.89999995E-02
   12.5349998       8.79999995E-02
   12.5450001      0.105000004    
   12.5549994       9.49999988E-02
   12.5649996       7.90000036E-02
   12.5749998       8.70000049E-02
   12.5850000       7.80000016E-02
   12.5949993       8.50000009E-02
   12.6049995       9.49999988E-02
   12.6149998       8.30000043E-02
   12.6250000       8.79999995E-02
   12.6349993       7.99999982E-02
   12.6449995       9.00000036E-02
   12.6549997       8.10000002E-02
   12.6650000       7.80000016E-02
   12.6750002       8.79999995E-02
   12.6849995       7.10000023E-02
   12.6949997      0.104000002    
   12.7049999       9.10000056E-02
   12.7150002       7.60000050E-02
   12.7249994       7.50000030E-02
   12.7349997       7.40000010E-02
   12.7449999       8.10000002E-02
   12.7550001       8.10000002E-02
   12.7649994       9.20000002E-02
   12.7749996       8.70000049E-02
   12.7849998       6.89999983E-02
   12.7950001       7.80000016E-02
   12.8049994       7.60000050E-02
   12.8149996       7.20000044E-02
   12.8249998       7.60000050E-02
   12.8350000       8.10000002E-02
   12.8449993       7.99999982E-02
   12.8549995       7.69999996E-02
   12.8649998       7.20000044E-02
   12.8750000       6.59999996E-02
   12.8849993       6.70000017E-02
   12.8949995       5.80000021E-02
   12.9049997       7.00000003E-02
   12.9150000       6.80000037E-02
   12.9249992       6.40000030E-02
   12.9349995       7.80000016E-02
   12.9449997       7.69999996E-02
   12.9549999       8.90000015E-02
   12.9650002       6.59999996E-02
   12.9749994       6.20000027E-02
   12.9849997       5.80000021E-02
   12.9949999       6.70000017E-02
   13.0050001       4.70000021E-02
   13.0149994       6.50000051E-02
   13.0249996       5.80000021E-02
   13.0349998       6.59999996E-02
   13.0450001       7.40000010E-02
   13.0549994       6.20000027E-02
   13.0649996       6.00000024E-02
   13.0749998       6.10000007E-02
   13.0850000       5.40000014E-02
   13.0949993       5.00000007E-02
   13.1049995       6.10000007E-02
   13.1149998       4.90000024E-02
   13.1250000       7.50000030E-02
   13.1349993       5.60000017E-02
   13.1449995       4.70000021E-02
   13.1549997       5.80000021E-02
   13.1650000       6.50000051E-02
   13.1749992       5.80000021E-02
   13.1849995       5.20000011E-02
   13.1949997       5.60000017E-02
   13.2049999       5.90000004E-02
   13.2150002       5.40000014E-02
   13.2249994       4.80000004E-02
   13.2349997       3.40000018E-02
   13.2449999       5.10000028E-02
   13.2550001       5.40000014E-02
   13.2649994       4.70000021E-02
   13.2749996       5.70000000E-02
   13.2849998       4.30000015E-02
   13.2950001       4.60000001E-02
   13.3049994       3.99999991E-02
   13.3149996       5.70000000E-02
   13.3249998       4.80000004E-02
   13.3350000       5.00000007E-02
   13.3449993       5.60000017E-02
   13.3549995       4.60000001E-02
   13.3649998       3.50000001E-02
   13.3750000       4.39999998E-02
   13.3849993       4.39999998E-02
   13.3949995       5.29999994E-02
   13.4049997       3.60000022E-02
   13.4150000       5.10000028E-02
   13.4249992       3.90000008E-02
   13.4349995       4.50000018E-02
   13.4449997       3.99999991E-02
   13.4549999       4.90000024E-02
   13.4650002       3.40000018E-02
   13.4749994       4.30000015E-02
   13.4849997       5.00000007E-02
   13.4949999       4.70000021E-02
   13.5050001       5.70000000E-02
   13.5149994       4.80000004E-02
   13.5249996       4.39999998E-02
   13.5349998       5.20000011E-02
   13.5450001       5.80000021E-02
   13.5549994       4.30000015E-02
   13.5649996       4.70000021E-02
   13.5749998       3.90000008E-02
   13.5850000       5.10000028E-02
   13.5949993       4.80000004E-02
   13.6049995       3.70000005E-02
   13.6149998       4.10000011E-02
   13.6250000       4.19999994E-02
   13.6349993       3.29999998E-02
   13.6449995       4.10000011E-02
   13.6549997       4.19999994E-02
   13.6650000       3.80000025E-02
   13.6749992       3.29999998E-02
   13.6849995       3.70000005E-02
   13.6949997       3.99999991E-02
   13.7049999       3.50000001E-02
   13.7150002       3.80000025E-02
   13.7249994       3.60000022E-02
   13.7349997       3.00000012E-02
   13.7449999       3.70000005E-02
   13.7550001       2.70000007E-02
   13.7649994       3.70000005E-02
   13.7749996       2.40000002E-02
   13.7849998       3.29999998E-02
   13.7950001       2.50000004E-02
   13.8049994       3.20000015E-02
   13.8149996       2.80000009E-02
   13.8249998       2.60000005E-02
   13.8350000       2.80000009E-02
   13.8449993       3.20000015E-02
   13.8549995       2.30000000E-02
   13.8649998       3.60000022E-02
   13.8750000       3.10000014E-02
   13.8849993       3.50000001E-02
   13.8949995       2.19999999E-02
   13.9049997       3.29999998E-02
   13.9150000       2.40000002E-02
   13.9249992       3.10000014E-02
   13.9349995       2.80000009E-02
   13.9449997       2.90000010E-02
   13.9549999       2.70000007E-02
   13.9650002       3.29999998E-02
   13.9749994       3.20000015E-02
   13.9849997       3.20000015E-02
   13.9949999       2.60000005E-02
   14.0050001       2.50000004E-02
   14.0149994       2.40000002E-02
   14.0249996       2.60000005E-02
   14.0349998       1.99999996E-02
   14.0450001       2.50000004E-02
   14.0549994       2.80000009E-02
   14.0649996       2.19999999E-02
   14.0749998       2.90000010E-02
   14.0850000       2.09999997E-02
   14.0949993       1.50000006E-02
   14.1049995       2.30000000E-02
   14.1149998       2.40000002E-02
   14.1250000       2.80000009E-02
   14.1349993       1.99999996E-02
   14.1449995       3.60000022E-02
   14.1549997       2.60000005E-02
   14.1650000       2.50000004E-02
   14.1749992       1.50000006E-02
   14.1849995       1.70000009E-02
   14.1949997       2.40000002E-02
   14.2049999       1.90000013E-02
   14.2150002       3.10000014E-02
   14.2249994       2.60000005E-02
   14.2349997       1.80000011E-02
   14.2449999       2.30000000E-02
   14.2550001       1.50000006E-02
   14.2649994       1.90000013E-02
   14.2749996       1.70000009E-02
   14.2849998       1.80000011E-02
   14.2950001       2.50000004E-02
   14.3049994       1.99999996E-02
   14.3149996       1.80000011E-02
   14.3249998       1.60000008E-02
   14.3350000       1.99999996E-02
   14.3449993       1.80000011E-02
   14.3549995       2.19999999E-02
   14.3649998       1.70000009E-02
   14.3750000       1.40000004E-02
   14.3849993       1.60000008E-02
   14.3949995       1.70000009E-02
   14.4049997       1.50000006E-02
   14.4150000       9.99999978E-03
   14.4249992       1.30000003E-02
   14.4349995       1.90000013E-02
   14.4449997       2.40000002E-02
   14.4549999       1.50000006E-02
   14.4650002       1.60000008E-02
   14.4749994       1.40000004E-02
   14.4849997       1.30000003E-02
   14.4949999       2.50000004E-02
   14.5050001       9.99999978E-03
   14.5149994       1.70000009E-02
   14.5249996       1.30000003E-02
   14.5349998       1.09999999E-02
   14.5450001       1.30000003E-02
   14.5549994       1.40000004E-02
   14.5649996       1.40000004E-02
   14.5749998       1.40000004E-02
   14.5850000       9.99999978E-03
   14.5949993       1.30000003E-02
   14.6049995       1.70000009E-02
   14.6149998       1.60000008E-02
   14.6250000       1.50000006E-02
   14.6349993       1.40000004E-02
   14.6449995       9.00000054E-03
   14.6549997       1.30000003E-02
   14.6650000       1.40000004E-02
   14.6749992       9.00000054E-03
   14.6849995       1.09999999E-02
   14.6949997       1.09999999E-02
   14.7049999       1.09999999E-02
   14.7149992       8.00000038E-03
   14.7249994       7.00000022E-03
   14.7349997       1.40000004E-02
   14.7449999       1.50000006E-02
   14.7550001       9.00000054E-03
   14.7649994       8.00000038E-03
   14.7749996       8.00000038E-03
   14.7849998       1.30000003E-02
   14.7950001       1.70000009E-02
   14.8049994       7.00000022E-03
   14.8149996       1.09999999E-02
   14.8249998       1.30000003E-02
   14.8350000       9.99999978E-03
   14.8449993       9.99999978E-03
   14.8549995       1.40000004E-02
   14.8649998       1.09999999E-02
   14.8750000       1.99999996E-02
   14.8849993       7.00000022E-03
   14.8949995       7.00000022E-03
   14.9049997       6.00000005E-03
   14.9150000       1.60000008E-02
   14.9249992       1.40000004E-02
   14.9349995       6.00000005E-03
   14.9449997       9.99999978E-03
   14.9549999       1.09999999E-02
   14.9649992       1.30000003E-02
   14.9749994       6.00000005E-03
   14.9849997       1.40000004E-02
   14.9949999       9.00000054E-03
   15.0050001       9.00000054E-03
   15.0149994       8.00000038E-03
   15.0249996       6.00000005E-03
   15.0349998       4.99999989E-03
   15.0450001       4.99999989E-03
   15.0549994       7.00000022E-03
   15.0649996       9.00000054E-03
   15.0749998       9.00000054E-03
   15.0850000       7.00000022E-03
   15.0949993       6.00000005E-03
   15.1049995       9.99999978E-03
   15.1149998       4.00000019E-03
   15.1250000       8.00000038E-03
   15.1349993       3.00000003E-03
   15.1449995       4.99999989E-03
   15.1549997       7.00000022E-03
   15.1650000       4.99999989E-03
   15.1749992       3.00000003E-03
   15.1849995       8.00000038E-03
   15.1949997       8.00000038E-03
   15.2049999       8.00000038E-03
   15.2149992       7.00000022E-03
   15.2249994       1.09999999E-02
   15.2349997       4.99999989E-03
   15.2449999       4.00000019E-03
   15.2550001       4.99999989E-03
   15.2649994       6.00000005E-03
   15.2749996       9.00000054E-03
   15.2849998       4.99999989E-03
   15.2950001       7.00000022E-03
   15.3049994       4.00000019E-03
   15.3149996       6.00000005E-03
   15.3249998       8.00000038E-03
   15.3350000       2.00000009E-03
   15.3449993       4.99999989E-03
   15.3549995       8.00000038E-03
   15.3649998       3.00000003E-03
   15.3750000       6.00000005E-03
   15.3849993       9.99999978E-03
   15.3949995       7.00000022E-03
   15.4049997       4.00000019E-03
   15.4150000       7.00000022E-03
   15.4249992       4.00000019E-03
   15.4349995       3.00000003E-03
   15.4449997       7.00000022E-03
   15.4549999       4.00000019E-03
   15.4649992       2.00000009E-03
   15.4749994       4.99999989E-03
   15.4849997       3.00000003E-03
   15.4949999       7.00000022E-03
   15.5050001       4.00000019E-03
   15.5149994       3.00000003E-03
   15.5249996       3.00000003E-03
   15.5349998       6.00000005E-03
   15.5450001       3.00000003E-03
   15.5549994       3.00000003E-03
   15.5649996       2.00000009E-03
   15.5749998       2.00000009E-03
   15.5850000       6.00000005E-03
   15.5949993       4.00000019E-03
   15.6049995       4.99999989E-03
   15.6149998       2.00000009E-03
   15.6250000       6.00000005E-03
   15.6349993       6.00000005E-03
   15.6449995       2.00000009E-03
   15.6549997       2.00000009E-03
   15.6650000       2.00000009E-03
   15.6749992       2.00000009E-03
   15.6849995       4.00000019E-03
   15.6949997       2.00000009E-03
   15.7049999       3.00000003E-03
   15.7149992       4.99999989E-03
   15.7249994       2.00000009E-03
   15.7349997       3.00000003E-03
   15.7449999       2.00000009E-03
   15.7550001       2.00000009E-03
   15.7649994       3.00000003E-03
   15.7749996       3.00000003E-03
   15.7849998       2.00000009E-03
   15.7950001       1.00000005E-03
   15.8049994       3.00000003E-03
   15.8149996       3.00000003E-03
   15.8249998       1.00000005E-03
   15.8350000       8.00000038E-03
   15.8449993       1.00000005E-03
   15.8549995       1.00000005E-03
   15.8649998       4.00000019E-03
   15.8750000       4.00000019E-03
   15.8849993       2.00000009E-03
   15.8949995       3.00000003E-03
   15.9049997       2.00000009E-03
   15.9150000       3.00000003E-03
   15.9249992       7.00000022E-03
   15.9349995       6.00000005E-03
   15.9449997       3.00000003E-03
   15.9549999       2.00000009E-03
   15.9649992       2.00000009E-03
   15.9749994       2.00000009E-03
   15.9849997       4.00000019E-03
   15.9949999       2.00000009E-03
   16.0049992       3.00000003E-03
   16.0149994       2.00000009E-03
   16.0249996       2.00000009E-03
   16.0349998       1.00000005E-03
   16.0450001       1.00000005E-03
   16.0550003       2.00000009E-03
   16.0650005       2.00000009E-03
   16.0749989       3.00000003E-03
   16.0849991       1.00000005E-03
   16.0949993       4.00000019E-03
   16.1049995       1.00000005E-03
   16.1149998       1.00000005E-03
   16.1250000       1.00000005E-03
   16.1350002       1.00000005E-03
   16.1450005       3.00000003E-03
   16.1549988       2.00000009E-03
   16.1649990       1.00000005E-03
   16.1749992       2.00000009E-03
   16.1849995       4.00000019E-03
   16.1949997       1.00000005E-03
   16.2049999       1.00000005E-03
   16.2150002       2.00000009E-03
   16.2250004       1.00000005E-03
   16.2349987       2.00000009E-03
   16.2449989       3.00000003E-03
   16.2549992       1.00000005E-03
   16.2649994       2.00000009E-03
   16.2749996       2.00000009E-03
   16.2849998       1.00000005E-03
   16.2950001       1.00000005E-03
   16.3050003       1.00000005E-03
   16.3150005       0.00000000    
   16.3249989       0.00000000    
   16.3349991       1.00000005E-03
   16.3449993       0.00000000    
   16.3549995       0.00000000    
   16.3649998       1.00000005E-03
   16.3750000       4.00000019E-03
   16.3850002       1.00000005E-03
   16.3950005       0.00000000    
   16.4049988       2.00000009E-03
   16.4149990       2.00000009E-03
   16.4249992       0.00000000    
   16.4349995       1.00000005E-03
   16.4449997       0.00000000    
   16.4549999       2.00000009E-03
   16.4650002       1.00000005E-03
   16.4750004       4.00000019E-03
   16.4849987       1.00000005E-03
   16.4949989       2.00000009E-03
   16.5049992       2.00000009E-03
   16.5149994       2.00000009E-03
   16.5249996       1.00000005E-03
   16.5349998       0.00000000    
   16.5450001       0.00000000    
   16.5550003       0.00000000    
   16.5650005       1.00000005E-03
   16.5749989       0.00000000    
   16.5849991       1.00000005E-03
   16.5949993       0.00000000    
   16.6049995       0.00000000    
   16.6149998       0.00000000    
   16.6250000       1.00000005E-03
   16.6350002       0.00000000    
   16.6450005       2.00000009E-03
   16.6549988       1.00000005E-03
   16.6649990       1.00000005E-03
   16.6749992       2.00000009E-03
   16.6849995       0.00000000    
   16.6949997       0.00000000    
   16.7049999       0.00000000    
   16.7150002       0.00000000    
   16.7250004       0.00000000    
   16.7349987       2.00000009E-03
   16.7449989       0.00000000    
   16.7549992       0.00000000    
   16.7649994       1.00000005E-03
   16.7749996       2.00000009E-03
   16.7849998       1.00000005E-03
   16.7950001       0.00000000    
   16.8050003       0.00000000    
   16.8150005       0.00000000    
   16.8249989       0.00000000    
   16.8349991       0.00000000    
   16.8449993       0.00000000    
   16.8549995       1.00000005E-03
   16.8649998       0.00000000    
   16.8750000       0.00000000    
   16.8850002       0.00000000    
   16.8950005       1.00000005E-03
   16.9049988       0.00000000    
   16.9149990       1.00000005E-03
   16.9249992       0.00000000    
   16.9349995       1.00000005E-03
   16.9449997       1.00000005E-03
   16.9549999       1.00000005E-03
   16.9650002       0.00000000    
   16.9750004       0.00000000    
   16.9849987       1.00000005E-03
   16.9949989       0.00000000    
   17.0049992       0.00000000    
   17.0149994       0.00000000    
   17.0249996       0.00000000    
   17.0349998       0.00000000    
   17.0450001       1.00000005E-03
   17.0550003       1.00000005E-03
   17.0650005       0.00000000    
   17.0749989       2.00000009E-03
   17.0849991       0.00000000    
   17.0949993       0.00000000    
   17.1049995       1.00000005E-03
   17.1149998       1.00000005E-03
   17.1250000       1.00000005E-03
   17.1350002       1.00000005E-03
   17.1450005       1.00000005E-03
   17.1549988       0.00000000    
   17.1649990       0.00000000    
   17.1749992       0.00000000    
   17.1849995       0.00000000    
   17.1949997       0.00000000    
   17.2049999       0.00000000    
   17.2150002       0.00000000    
   17.2250004       0.00000000    
   17.2349987       0.00000000    
   17.2449989       1.00000005E-03
   17.2549992       1.00000005E-03
   17.2649994       0.00000000    
   17.2749996       0.00000000    
   17.2849998       1.00000005E-03
   17.2950001       0.00000000    
   17.3050003       0.00000000    
   17.3150005       0.00000000    
   17.3249989       0.00000000    
   17.3349991       0.00000000    
   17.3449993       1.00000005E-03
   17.3549995       0.00000000    
   17.3649998       0.00000000    
   17.3750000       0.00000000    
   17.3850002       0.00000000    
   17.3950005       0.00000000    
   17.4049988       0.00000000    
   17.4149990       0.00000000    
   17.4249992       0.00000000    
   17.4349995       0.00000000    
   17.4449997       0.00000000    
   17.4549999       1.00000005E-03
   17.4650002       1.00000005E-03
   17.4750004       0.00000000    
   17.4849987       0.00000000    
   17.4949989       0.00000000    
   17.5049992       0.00000000    
   17.5149994       0.00000000    
   17.5249996       0.00000000    
   17.5349998       0.00000000    
   17.5450001       0.00000000    
   17.5550003       0.00000000    
   17.5650005       0.00000000    
   17.5749989       0.00000000    
   17.5849991       0.00000000    
   17.5949993       1.00000005E-03
   17.6049995       0.00000000    
   17.6149998       0.00000000    
   17.6250000       0.00000000    
   17.6350002       0.00000000    
   17.6450005       1.00000005E-03
   17.6549988       0.00000000    
   17.6649990       0.00000000    
   17.6749992       0.00000000    
   17.6849995       0.00000000    
   17.6949997       1.00000005E-03
   17.7049999       0.00000000    
   17.7150002       0.00000000    
   17.7250004       0.00000000    
   17.7349987       0.00000000    
   17.7449989       0.00000000    
   17.7549992       0.00000000    
   17.7649994       0.00000000    
   17.7749996       0.00000000    
   17.7849998       0.00000000    
   17.7950001       0.00000000    
   17.8050003       0.00000000    
   17.8150005       0.00000000    
   17.8249989       0.00000000    
   17.8349991       0.00000000    
   17.8449993       0.00000000    
   17.8549995       0.00000000    
   17.8649998       0.00000000    
   17.8750000       0.00000000    
   17.8850002       0.00000000    
   17.8950005       0.00000000    
   17.9049988       0.00000000    
   17.9149990       0.00000000    
   17.9249992       0.00000000    
   17.9349995       0.00000000    
   17.9449997       0.00000000    
   17.9549999       0.00000000    
   17.9650002       0.00000000    
   17.9750004       0.00000000    
   17.9849987       0.00000000    
   17.9949989       0.00000000    
   18.0049992       0.00000000    
   18.0149994       0.00000000    
   18.0249996       0.00000000    
   18.0349998       0.00000000    
   18.0450001       0.00000000    
   18.0550003       0.00000000    
   18.0650005       0.00000000    
   18.0749989       0.00000000    
   18.0849991       0.00000000    
   18.0949993       0.00000000    
   18.1049995       0.00000000    
   18.1149998       0.00000000    
   18.1250000       0.00000000    
   18.1350002       0.00000000    
   18.1450005       0.00000000    
   18.1549988       0.00000000    
   18.1649990       1.00000005E-03
   18.1749992       0.00000000    
   18.1849995       0.00000000    
   18.1949997       0.00000000    
   18.2049999       0.00000000    
   18.2150002       0.00000000    
   18.2250004       0.00000000    
   18.2349987       0.00000000    
   18.2449989       0.00000000    
   18.2549992       0.00000000    
   18.2649994       0.00000000    
   18.2749996       0.00000000    
   18.2849998       0.00000000    
   18.2950001       0.00000000    
   18.3050003       0.00000000    
   18.3150005       0.00000000    
   18.3249989       0.00000000    
   18.3349991       0.00000000    
   18.3449993       0.00000000    
   18.3549995       0.00000000    
   18.3649998       0.00000000    
   18.3750000       0.00000000    
   18.3850002       0.00000000    
   18.3950005       0.00000000    
   18.4049988       0.00000000    
   18.4149990       0.00000000    
   18.4249992       0.00000000    
   18.4349995       0.00000000    
   18.4449997       0.00000000    
   18.4549999       0.00000000    
   18.4650002       0.00000000    
   18.4750004       0.00000000    
   18.4849987       0.00000000    
   18.4949989       0.00000000    
   18.5049992       0.00000000    
   18.5149994       0.00000000    
   18.5249996       0.00000000    
   18.5349998       0.00000000    
   18.5450001       0.00000000    
   18.5550003       0.00000000    
   18.5650005       0.00000000    
   18.5749989       0.00000000    
   18.5849991       0.00000000    
   18.5949993       0.00000000    
   18.6049995       0.00000000    
   18.6149998       0.00000000    
   18.6250000       0.00000000    
   18.6350002       0.00000000    
   18.6450005       0.00000000    
   18.6549988       0.00000000    
   18.6649990       0.00000000    
   18.6749992       0.00000000    
   18.6849995       0.00000000    
   18.6949997       0.00000000    
   18.7049999       0.00000000    
   18.7150002       0.00000000    
   18.7250004       0.00000000    
   18.7349987       0.00000000    
   18.7449989       0.00000000    
   18.7549992       0.00000000    
   18.7649994       0.00000000    
   18.7749996       0.00000000    
   18.7849998       0.00000000    
   18.7950001       0.00000000    
   18.8050003       0.00000000    
   18.8149986       0.00000000    
   18.8249989       0.00000000    
   18.8349991       0.00000000    
   18.8449993       0.00000000    
   18.8549995       0.00000000    
   18.8649998       0.00000000    
   18.8750000       0.00000000    
   18.8850002       0.00000000    
   18.8950005       0.00000000    
   18.9049988       0.00000000    
   18.9149990       0.00000000    
   18.9249992       0.00000000    
   18.9349995       0.00000000    
   18.9449997       0.00000000    
   18.9549999       0.00000000    
   18.9650002       0.00000000    
   18.9750004       0.00000000    
   18.9849987       0.00000000    
   18.9949989       0.00000000    
   19.0049992       0.00000000    
   19.0149994       0.00000000    
   19.0249996       0.00000000    
   19.0349998       0.00000000    
   19.0450001       0.00000000    
   19.0550003       0.00000000    
   19.0649986       0.00000000    
   19.0749989       0.00000000    
   19.0849991       0.00000000    
   19.0949993       0.00000000    
   19.1049995       0.00000000    
   19.1149998       0.00000000    
   19.1250000       0.00000000    
   19.1350002       0.00000000    
   19.1450005       0.00000000    
   19.1549988       0.00000000    
   19.1649990       0.00000000    
   19.1749992       0.00000000    
   19.1849995       0.00000000    
   19.1949997       0.00000000    
   19.2049999       0.00000000    
   19.2150002       0.00000000    
   19.2250004       0.00000000    
   19.2349987       0.00000000    
   19.2449989       0.00000000    
   19.2549992       0.00000000    
   19.2649994       0.00000000    
   19.2749996       0.00000000    
   19.2849998       0.00000000    
   19.2950001       0.00000000    
   19.3050003       0.00000000    
   19.3149986       0.00000000    
   19.3249989       0.00000000    
   19.3349991       0.00000000    
   19.3449993       0.00000000    
   19.3549995       0.00000000    
   19.3649998       0.00000000    
   19.3750000       0.00000000    
   19.3850002       0.00000000    
   19.3950005       0.00000000    
   19.4049988       0.00000000    
   19.4149990       0.00000000    
   19.4249992       0.00000000    
   19.4349995       0.00000000    
   19.4449997       0.00000000    
   19.4549999       0.00000000    
   19.4650002       0.00000000    
   19.4750004       0.00000000    
   19.4849987       0.00000000    
   19.4949989       0.00000000    
   19.5049992       0.00000000    
   19.5149994       0.00000000    
   19.5249996       0.00000000    
   19.5349998       0.00000000    
   19.5450001       0.00000000    
   19.5550003       0.00000000    
   19.5649986       0.00000000    
   19.5749989       0.00000000    
   19.5849991       0.00000000    
   19.5949993       0.00000000    
   19.6049995       0.00000000    
   19.6149998       0.00000000    
   19.6250000       0.00000000    
   19.6350002       0.00000000    
   19.6450005       0.00000000    
   19.6549988       0.00000000    
   19.6649990       0.00000000    
   19.6749992       0.00000000    
   19.6849995       0.00000000    
   19.6949997       0.00000000    
   19.7049999       0.00000000    
   19.7150002       0.00000000    
   19.7250004       0.00000000    
   19.7349987       0.00000000    
   19.7449989       0.00000000    
   19.7549992       0.00000000    
   19.7649994       0.00000000    
   19.7749996       0.00000000    
   19.7849998       0.00000000    
   19.7950001       0.00000000    
   19.8050003       0.00000000    
   19.8149986       0.00000000    
   19.8249989       0.00000000    
   19.8349991       0.00000000    
   19.8449993       0.00000000    
   19.8549995       0.00000000    
   19.8649998       0.00000000    
   19.8750000       0.00000000    
   19.8850002       0.00000000    
   19.8950005       0.00000000    
   19.9049988       0.00000000    
   19.9149990       0.00000000    
   19.9249992       0.00000000    
   19.9349995       0.00000000    
   19.9449997       0.00000000    
   19.9549999       0.00000000    
   19.9650002       0.00000000    
   19.9750004       0.00000000    
   19.9849987       0.00000000    
   19.9949989       0.00000000    
   20.0049992       0.00000000    
