  -19.5174274    
  -18.4930210    
  -18.1454010    
  -17.4169731    
  -17.6650772    
  -17.6098461    
  -17.6677380    
  -16.8232498    
  -17.0057487    
  -16.8449287    
  -16.1619492    
  -17.3136024    
  -16.8528728    
  -16.3508072    
  -15.8172436    
  -15.8648367    
  -16.0838165    
  -16.4012337    
  -16.8097343    
  -16.1217499    
  -17.1789379    
  -17.0456352    
  -16.9177113    
  -16.5950146    
  -16.9734268    
  -17.6739597    
  -16.9397583    
  -17.1039696    
  -17.1029377    
  -16.7767696    
  -16.6926117    
  -16.7801933    
  -16.7723274    
  -16.9228764    
  -16.7000008    
  -17.1063595    
  -17.1550407    
  -16.7363682    
  -16.0212536    
  -16.0238323    
  -16.4329929    
  -16.4105377    
  -16.2938366    
  -15.4870110    
  -15.9974022    
  -16.5340023    
  -16.0262623    
  -16.1606083    
  -15.9214449    
  -15.9727278    
  -15.8388577    
  -16.0220547    
  -16.5921745    
  -16.9213600    
  -16.8596363    
  -17.3999786    
  -17.4302883    
  -16.6660480    
  -16.5098534    
  -15.7887392    
  -15.8764143    
  -15.9633589    
  -15.1764631    
  -14.8684921    
  -16.7935352    
  -16.4525776    
  -16.9256783    
  -17.0363350    
  -16.7231445    
  -16.6764469    
  -17.1697598    
  -17.1633625    
  -17.6298389    
  -17.5164013    
  -17.1318531    
  -17.0142307    
  -17.3485737    
  -17.5189514    
  -17.4000187    
  -17.7612038    
  -17.4400501    
  -16.9914246    
  -16.6639137    
  -15.8706217    
  -17.1581230    
  -17.0004807    
  -17.0528679    
  -16.7909927    
  -17.9687481    
  -16.4628849    
  -16.8598709    
  -17.0768700    
  -16.9271240    
  -17.0242767    
  -16.9623032    
  -16.9936485    
  -17.0445404    
  -17.1137772    
  -16.1019039    
  -15.9818974    
  -16.5570545    
  -16.8222065    
  -17.0930386    
  -16.7907410    
  -17.1693993    
  -16.9070663    
  -16.9334412    
  -17.0293903    
  -17.1358757    
  -16.9923611    
  -16.8760471    
  -16.8552799    
  -16.8883190    
  -16.3308716    
  -17.2772789    
  -17.1631203    
  -17.4792423    
  -17.6510372    
  -17.5340767    
  -17.2667694    
  -16.9467907    
  -16.5894871    
  -16.2513237    
  -16.3723927    
  -16.1457920    
  -16.0467606    
  -16.4364929    
  -15.8232737    
  -15.7168789    
  -16.1487217    
  -16.4747791    
  -16.2711525    
  -15.9398575    
  -16.2281952    
  -16.2503452    
  -16.5146790    
  -17.4088764    
  -16.7141075    
  -16.3284893    
  -16.0655727    
  -16.2789173    
  -16.8004417    
  -17.1085701    
  -17.0309792    
  -16.7528419    
  -15.5245953    
  -15.8944702    
  -17.3237419    
  -17.5291557    
  -17.3918610    
  -17.4376793    
  -17.3947201    
  -17.0789528    
  -16.7057400    
  -17.3912563    
  -17.9605808    
  -16.4350109    
  -16.1659908    
  -16.4223099    
  -16.3063641    
  -17.3763809    
  -17.9455147    
  -17.0015965    
  -17.0365696    
  -16.6789093    
  -17.1540394    
  -17.8801651    
  -16.2689266    
  -16.3325081    
  -17.2060394    
  -17.1770878    
  -17.4547195    
  -17.2672043    
  -17.2493420    
  -16.8358536    
  -16.2511673    
  -15.7426996    
  -15.5411558    
  -17.1835880    
  -17.1753769    
  -16.6438236    
  -15.4043026    
  -14.9730158    
  -15.1562548    
  -15.1947803    
  -15.0301857    
  -15.0135460    
  -15.2906628    
  -16.0811901    
  -16.0938835    
  -16.2374706    
  -16.2847462    
  -15.9874401    
  -15.6029301    
  -15.9577599    
  -15.6738482    
  -15.9010925    
  -16.1386871    
  -15.8799047    
  -15.8297958    
  -15.2986174    
  -15.2538433    
  -15.3049469    
  -15.2909260    
  -15.1321774    
  -15.9986315    
  -16.0086040    
  -14.3994427    
  -14.3232164    
  -15.0047865    
  -13.8923998    
  -14.9686890    
  -15.0181541    
  -15.5595722    
  -15.4384556    
  -15.3153496    
  -16.3163376    
  -15.9050188    
  -15.1561728    
  -15.7355547    
  -14.9459953    
  -15.5777187    
  -14.7434387    
  -15.5936861    
  -15.7796202    
  -16.6731796    
  -16.6465740    
  -16.8116035    
  -16.4012451    
  -16.8051338    
  -15.9543695    
  -16.1788692    
  -16.5559845    
  -15.8314018    
  -15.3616352    
  -14.6204815    
  -15.4560976    
  -15.4411201    
  -15.7366753    
  -15.5085831    
  -14.9629364    
  -15.0446768    
  -14.7947903    
  -14.9698887    
  -15.1714706    
  -16.1839428    
  -16.4012184    
  -15.1477222    
  -15.3074179    
  -15.6966648    
  -15.5476885    
  -14.9657230    
  -15.6707926    
  -15.5374899    
  -16.0934238    
  -16.5235214    
  -15.9516869    
  -16.0272884    
  -15.5266094    
  -15.3872004    
  -15.9175024    
  -15.3639917    
  -15.5256510    
  -15.3896589    
  -16.1950340    
  -15.8967285    
  -16.0323181    
  -15.8231544    
  -15.3712234    
  -15.5557842    
  -15.4857922    
  -15.2630892    
  -14.6289091    
  -15.5163383    
  -15.4332628    
  -15.2501135    
  -15.6978159    
  -16.0475559    
  -15.6306067    
  -15.7750216    
  -15.7825546    
  -16.2130146    
  -16.1282578    
  -16.1642914    
  -16.4778557    
  -15.8110399    
  -13.2770672    
  -14.4565668    
  -15.3397856    
  -14.3960609    
  -16.0045490    
  -15.9537697    
  -15.8741922    
  -15.6491003    
  -15.1590738    
  -15.8998375    
  -14.4624519    
  -14.7675133    
  -15.0667830    
  -15.1388245    
  -15.1884375    
  -15.1194210    
  -15.6857538    
  -15.9655285    
  -16.0316353    
  -16.2067165    
  -15.7768021    
  -16.1749325    
  -15.4556379    
  -15.4552221    
  -15.5571451    
  -15.9121094    
  -16.0143623    
  -16.8285713    
  -16.8203754    
  -16.6630898    
  -16.6866875    
  -16.0169773    
  -15.4115286    
  -14.9095221    
  -15.7049627    
  -14.6740761    
  -15.2711401    
  -15.4321356    
  -15.9181461    
  -16.0648956    
  -15.1022072    
  -15.1936111    
  -15.4580317    
  -15.6781397    
  -16.0284424    
  -15.6314726    
  -15.6259871    
  -14.3953352    
  -14.9060469    
  -14.7441874    
  -14.9792843    
  -15.5543337    
  -14.5438671    
  -15.7275314    
  -15.4570284    
  -15.7493010    
  -15.6581783    
  -15.8836842    
  -15.9186296    
  -15.9427252    
  -15.4581928    
  -15.7915115    
  -15.9855947    
  -15.9047184    
  -15.8431263    
  -15.5454264    
  -14.9470549    
  -15.2692089    
  -15.4163857    
  -15.3940964    
  -14.8215885    
  -14.6952286    
  -13.8665619    
  -14.3709240    
  -15.8374195    
  -14.8041534    
  -14.4636726    
  -14.5341082    
  -14.7674742    
  -15.7982321    
  -15.6083174    
  -15.4866199    
  -15.6647930    
  -15.0435009    
  -14.9335537    
  -14.1905231    
  -14.5605669    
  -14.4174862    
  -14.6933346    
  -15.0469189    
  -15.3274193    
  -15.6522207    
  -15.9972191    
  -15.9179487    
  -16.1576233    
  -15.9790764    
  -15.9634333    
  -15.5214806    
  -15.8797636    
  -14.6939955    
  -15.3276911    
  -15.0317192    
  -14.7351627    
  -14.7452707    
  -14.6098862    
  -15.1329889    
  -15.0516415    
  -14.8252525    
  -14.7081652    
  -14.9346561    
  -14.5020075    
  -14.7591457    
  -15.1440811    
  -14.8935890    
  -15.2812023    
  -15.9051399    
  -15.5612936    
  -14.6969242    
  -15.3910780    
  -16.0886440    
  -16.0821533    
  -15.5111198    
  -16.4507999    
  -16.3122101    
  -16.1254787    
  -15.9814644    
  -15.1673594    
  -15.5495005    
  -15.1707678    
  -15.3369131    
  -15.4692621    
  -15.6148033    
  -15.2787485    
  -14.6960430    
  -14.4214239    
  -15.0595560    
  -14.9663877    
  -14.5912743    
  -15.2448311    
  -14.9869576    
  -14.7428179    
  -14.8069744    
  -15.1336384    
  -14.3851891    
  -14.9080153    
  -13.9442539    
  -13.3947687    
  -13.8327303    
  -13.3250685    
  -13.9367819    
  -14.6574297    
  -14.4982529    
  -14.5878906    
  -14.4023771    
  -13.9442253    
  -13.1246176    
  -14.4717627    
  -14.1122742    
  -14.2129440    
  -14.8354034    
  -14.5740824    
  -14.9986410    
  -15.1493959    
  -14.7306204    
  -15.2287788    
  -15.4448061    
  -15.4221621    
  -15.4308519    
  -15.1161127    
  -13.8322935    
  -14.4323006    
  -15.1055498    
  -14.2773275    
  -14.7338476    
  -15.3402929    
  -14.8931160    
  -15.2083483    
  -14.9092464    
  -14.7166967    
  -15.7796240    
  -15.6051664    
  -16.2558117    
  -15.9869804    
  -15.7682705    
  -15.0957146    
  -15.0639791    
  -15.7094355    
  -15.6766863    
  -15.1381273    
  -15.2124023    
  -15.2654343    
  -15.1273918    
  -15.4744673    
  -15.3204994    
  -15.5784225    
  -15.4068890    
  -15.2892141    
  -15.2444134    
  -15.1566105    
  -15.0305538    
  -15.0379038    
  -15.6944208    
  -15.8172054    
  -15.5960331    
  -15.6457806    
  -15.9766331    
  -16.3931026    
  -15.8512411    
  -15.5815916    
  -15.1806135    
  -14.8438797    
  -14.8352575    
  -15.5837498    
  -14.8886032    
  -15.0927925    
  -15.7660284    
  -15.5126591    
  -15.5531759    
  -16.3649235    
  -16.2424278    
  -15.8094311    
  -15.7111788    
  -14.5655394    
  -14.2992735    
  -13.0522032    
  -13.3198938    
  -14.7323837    
  -14.7097044    
  -15.1162529    
  -15.2217369    
  -15.9563379    
  -16.0377522    
  -16.0108719    
  -16.4463253    
  -16.5904522    
  -16.7464447    
  -16.7307148    
  -16.8031464    
  -16.6683884    
  -16.5737133    
  -16.3656368    
  -16.3182678    
  -16.4715214    
  -16.0686150    
  -16.0799351    
  -14.9143963    
  -16.2357082    
  -16.0436192    
  -16.6897717    
  -16.0836945    
  -15.5675030    
  -15.7062416    
  -15.4331760    
  -15.2896662    
  -15.7587442    
  -15.4058809    
  -15.9773216    
  -15.4611244    
  -15.3262367    
  -14.7014637    
  -15.5886211    
  -16.6704063    
  -16.9629993    
  -17.5156288    
  -17.4504490    
  -17.5712032    
  -17.6829453    
  -17.5021858    
  -17.4033909    
  -17.1490097    
  -16.2809391    
  -16.3699818    
  -16.0459843    
  -16.3384514    
  -16.0040417    
  -16.7000504    
  -16.9504490    
  -16.9085197    
  -16.5814171    
  -17.0205479    
  -16.9507713    
  -16.2439728    
  -15.8545284    
  -15.9373932    
  -15.7286205    
  -16.1290588    
  -16.6411438    
  -14.5686607    
  -15.5348873    
  -15.9606953    
  -15.7508373    
  -15.2036629    
  -16.1191025    
  -15.6635475    
  -16.2150707    
  -16.5056400    
  -16.6715317    
  -16.2326107    
  -16.2427540    
  -16.8024654    
  -16.4736080    
  -15.5828304    
  -15.4567823    
  -15.4135885    
  -15.2488918    
  -15.4790525    
  -14.8079739    
  -14.7072020    
  -13.9795485    
  -13.8631516    
  -13.7683229    
  -13.6097832    
  -14.3175211    
  -15.1539373    
  -14.7845945    
  -15.1171589    
  -15.3178749    
  -15.7602406    
  -15.9823065    
  -15.7096090    
  -15.9547091    
  -15.4465265    
  -14.9953995    
  -15.5307255    
  -14.3785734    
  -14.6156044    
  -15.8951445    
  -15.3600121    
  -14.9937801    
  -15.2396460    
  -15.4660482    
  -15.4466038    
  -15.3545837    
  -15.0962505    
  -15.6294460    
  -14.5894804    
  -15.4475775    
  -14.9803905    
  -15.2603340    
  -15.2212658    
  -14.3664188    
  -14.6466560    
  -15.6800909    
  -16.2601395    
  -15.7656813    
  -14.9724798    
  -15.2034044    
  -15.9489174    
  -16.3969212    
  -15.8264208    
  -15.7624149    
  -15.6395769    
  -15.0813589    
  -15.7637882    
  -15.8609371    
  -15.8601665    
  -16.0073757    
  -16.7667503    
  -17.0739746    
  -16.9344082    
  -16.4263306    
  -15.7880583    
  -16.4452419    
  -16.5631466    
  -17.0561199    
  -16.2683029    
  -16.6344948    
  -17.1093903    
  -17.0334644    
  -17.1480026    
  -16.9757385    
  -16.1517258    
  -16.1329994    
  -15.9618731    
  -15.9302158    
  -16.2526741    
  -16.5531502    
  -16.3217545    
  -16.5288391    
  -16.3703079    
  -16.5469666    
  -16.5822620    
  -16.0923061    
  -16.4560280    
  -16.7825089    
  -15.7673016    
  -15.5974836    
  -15.8547621    
  -16.0681591    
  -16.4922371    
  -16.3579235    
  -16.4118271    
  -17.1126900    
  -16.3054390    
  -15.8058834    
  -15.6840076    
  -15.9141808    
  -15.9406967    
  -15.1753349    
  -15.4466963    
  -15.4070377    
  -14.7475433    
  -14.4989796    
  -14.8151312    
  -14.9775925    
  -13.9683247    
  -13.9537468    
  -13.7755814    
  -13.6431866    
  -13.7630453    
  -14.0192728    
  -14.5023832    
  -14.4797440    
  -13.9120064    
  -15.5944710    
  -15.4367638    
  -17.2230835    
  -16.5209351    
  -17.0005093    
  -16.7899761    
  -16.6762218    
  -16.4602356    
  -16.4233437    
  -15.0553169    
  -14.9803782    
  -15.2616701    
  -14.7768202    
  -15.7039433    
  -14.9820938    
  -15.8221655    
  -15.5583696    
  -15.4445333    
  -14.7982082    
  -14.4270334    
  -14.1577911    
  -14.2175140    
  -13.9607019    
  -13.6238241    
  -14.3110809    
  -14.4996252    
  -14.4237089    
  -14.2912903    
  -14.6013851    
  -15.1405592    
  -15.2663927    
  -16.1692867    
  -15.9963598    
  -16.2904644    
  -15.2616272    
  -14.5626421    
  -14.9820480    
  -15.6192484    
  -15.6309814    
  -14.8906994    
  -15.4470320    
  -15.4496803    
  -15.7720280    
  -15.5437984    
  -16.3267784    
  -16.2858257    
  -15.7892637    
  -15.9481077    
  -15.0901327    
  -16.0729523    
  -16.0270386    
  -15.8422050    
  -14.9053288    
  -13.9570074    
  -14.1041117    
  -14.1685400    
  -14.3679743    
  -14.5693750    
  -14.5963764    
  -15.4349918    
  -15.2811337    
  -15.6914749    
  -16.1709976    
  -15.5657911    
  -16.4611511    
  -16.4870739    
  -16.0534706    
  -15.6974792    
  -15.6145201    
  -15.6909723    
  -14.7665520    
  -14.6747675    
  -14.8996563    
  -14.8770695    
  -15.2300844    
  -15.2567253    
  -15.2392588    
  -14.3285398    
  -15.3326645    
  -16.3141403    
  -15.7504644    
  -15.1835127    
  -15.9373360    
  -16.0854435    
  -15.6566725    
  -16.3585758    
  -16.1674290    
  -16.4879131    
  -15.5905790    
  -15.8583422    
  -16.1952629    
  -15.9405336    
  -16.4514256    
  -16.3639641    
  -15.9646645    
  -16.1267376    
  -15.8503170    
  -15.4636955    
  -15.0805283    
  -15.5148926    
  -15.8053570    
  -15.6273813    
  -16.2001114    
  -15.7647448    
  -16.7220840    
  -16.7497387    
  -16.2358704    
  -16.6282368    
  -15.9513912    
  -16.3430405    
  -16.7962818    
  -16.4782219    
  -16.3074150    
  -15.9036865    
  -14.3475952    
  -14.1093292    
  -14.2487278    
  -14.8373222    
  -15.2856274    
  -15.7170782    
  -16.9515686    
  -16.1792183    
  -15.4338303    
  -14.9991064    
  -15.1935711    
  -15.2911816    
  -15.9822588    
  -15.6991825    
  -15.0317001    
  -14.7067909    
  -14.9303455    
  -15.1571274    
  -15.0622711    
  -15.7314959    
  -15.5199537    
  -15.4572277    
  -15.7072477    
  -15.0567293    
  -15.5850372    
  -15.5213184    
  -15.2960043    
  -14.6293201    
  -15.1660442    
  -15.0786934    
  -14.8408308    
  -15.5695505    
  -15.7246962    
  -15.2197609    
  -15.7451754    
  -14.8208532    
  -15.4391422    
  -15.7881603    
  -15.6266098    
  -14.3994331    
  -14.6105156    
  -15.2846489    
  -15.4811325    
  -15.3703375    
  -14.8615561    
  -15.2616568    
  -15.6144571    
  -15.3387890    
  -14.4233246    
  -14.0867214    
  -14.2803097    
  -14.4717026    
  -14.5024786    
  -14.9891043    
  -15.0394888    
  -14.9604301    
  -14.6371574    
  -14.9202785    
  -13.9803343    
  -15.0324421    
  -15.6880493    
  -15.4511051    
  -15.4474888    
  -15.0232353    
  -15.4771633    
  -15.8561020    
  -14.9529028    
  -15.1671038    
  -15.0292225    
  -14.4763622    
  -14.6180878    
  -13.4814444    
  -14.9310827    
  -14.4172907    
  -14.7905159    
  -14.8381433    
  -14.6449442    
  -15.2732925    
  -14.4888296    
  -16.0095940    
  -15.9502907    
  -15.0693741    
  -15.6431599    
  -15.7515564    
  -15.1398315    
  -14.4009237    
  -14.5430670    
  -14.6501541    
  -14.8334675    
  -14.6563826    
  -14.9322176    
  -13.7332773    
  -14.3940277    
  -14.6573124    
  -14.4744616    
  -14.2973099    
  -13.1213646    
  -12.8815050    
  -13.1668587    
  -13.2092581    
  -13.6608086    
  -13.7041130    
  -14.7736502    
  -14.8688545    
  -13.6612968    
  -12.5564795    
  -11.6695862    
  -12.0555286    
  -13.5877333    
  -14.6382036    
  -14.6234798    
  -13.9274702    
  -13.6537809    
  -14.7113600    
  -14.6184835    
  -14.8655243    
  -14.6642475    
  -14.3291607    
  -14.3990459    
  -14.9276276    
  -13.9033957    
  -14.6222725    
  -14.0491266    
  -14.0287237    
  -14.5035486    
  -14.1143408    
  -14.9544306    
  -14.5201359    
  -15.1700649    
  -14.9490728    
  -14.9473543    
  -15.8805342    
  -15.4446964    
  -15.4747219    
  -14.6094494    
  -15.0889416    
  -14.1100559    
  -13.9612179    
  -14.7500458    
  -15.0165625    
  -15.3269053    
  -15.4728079    
  -15.4509115    
  -14.9983616    
  -14.1445112    
  -15.0046234    
  -15.0198708    
  -14.8859234    
  -14.0904427    
  -14.6278849    
  -14.6855497    
  -13.6583490    
  -13.8517942    
  -12.7987118    
  -13.1786261    
  -14.5643759    
  -14.9884825    
  -15.0904074    
  -15.5194826    
  -15.0111551    
  -15.5619125    
  -15.1017780    
  -15.4627295    
  -14.4442654    
  -14.3534698    
  -15.4821768    
  -15.9668827    
  -15.5314112    
  -14.6227961    
  -14.7805223    
  -15.0117826    
  -15.0156145    
  -15.8240776    
  -15.1695795    
  -15.5484438    
  -15.3095751    
  -15.2418547    
  -14.9363232    
  -14.9778538    
  -15.6189594    
  -14.9291449    
  -15.4653301    
  -15.1879559    
  -15.2852764    
  -14.3805094    
  -14.6204128    
  -14.5112772    
  -14.6137857    
  -14.8503208    
  -13.7114220    
  -13.4949627    
  -13.8786278    
  -12.8226709    
  -13.0488291    
  -13.5945559    
  -13.2574224    
  -13.2364855    
  -12.7242327    
  -12.4309978    
  -12.2605953    
  -12.3584948    
  -13.4623604    
  -12.7940407    
  -13.3379107    
  -13.4159822    
  -13.2194986    
  -13.7718458    
  -13.5522938    
  -14.3926926    
  -14.2831259    
  -15.1240053    
  -14.4585295    
  -14.7297878    
  -14.9918528    
  -14.6912489    
  -14.5168333    
  -14.2554932    
  -13.5759840    
  -13.5866919    
  -14.1122026    
  -14.5944605    
  -14.7380114    
  -15.2785606    
  -14.6560736    
  -15.1827574    
  -15.4782238    
  -15.2853298    
  -15.7405758    
  -15.2739668    
  -15.7780781    
  -14.5820112    
  -14.0340796    
  -13.8138142    
  -14.7038498    
  -14.7485037    
  -14.4169312    
  -14.4589443    
  -13.9777002    
  -14.3359814    
  -13.5226088    
  -14.5864229    
  -13.6516933    
  -14.6001415    
  -14.2363520    
  -14.6387939    
  -14.1725121    
  -14.2778025    
  -14.6789312    
  -15.0206966    
  -14.9063044    
  -15.7530384    
  -15.6046200    
  -15.2808113    
  -15.3935623    
  -14.8308964    
  -15.3927279    
  -15.4150553    
  -15.1715050    
  -14.9517288    
  -14.9748802    
  -14.3108978    
  -14.4594564    
  -15.0896225    
  -15.5277109    
  -14.8372669    
  -14.9533358    
  -15.3267660    
  -14.9274530    
  -14.2357712    
  -14.2442188    
  -14.4860039    
  -14.2107992    
  -14.6967878    
  -14.7555132    
  -14.5075912    
  -13.4701691    
  -13.4004078    
  -13.5016518    
  -14.2252579    
  -14.2386522    
  -14.1835842    
  -14.3570585    
  -13.4972696    
  -12.7918987    
  -13.3330421    
  -14.8565245    
  -14.8956432    
  -14.4926624    
  -14.7041931    
  -14.4216280    
  -14.6045923    
  -15.1241217    
  -15.0326719    
  -13.4653111    
  -14.3510714    
  -13.8004894    
  -13.2612095    
  -13.8921547    
  -13.1207886    
  -13.3361969    
  -13.9492092    
  -14.0829020    
  -14.0493898    
  -13.8639183    
  -14.4520273    
  -14.2814455    
  -12.6496477    
  -12.1561518    
  -14.2864647    
  -13.9754009    
  -14.1906843    
  -15.1108513    
  -15.3153181    
  -15.1990242    
  -14.7662268    
  -14.4297895    
  -13.8284798    
  -13.5826197    
  -12.9360666    
  -13.7183714    
  -14.0549259    
  -13.1766338    
  -13.6643724    
  -14.0424595    
  -13.9036808    
  -14.1379223    
  -14.1304350    
  -14.4231520    
  -14.3822651    
  -15.3250475    
  -15.9743614    
  -15.6905832    
  -15.0565577    
  -14.7636986    
  -15.3356209    
  -15.7786293    
  -15.1824446    
  -15.6233492    
  -14.8214865    
  -14.6952410    
  -14.6059437    
  -14.8884439    
  -15.5534000    
  -15.1362152    
  -15.2137470    
  -15.3523941    
  -15.4477272    
  -16.2069912    
  -14.3340597    
  -14.5334225    
  -15.1915312    
  -14.9447947    
  -15.2832346    
  -15.0679655    
  -14.6990719    
  -15.0782967    
  -15.1094627    
  -14.6498156    
  -14.6694908    
  -14.4176388    
  -14.3839693    
  -13.9578581    
  -13.9593315    
  -13.8036423    
  -13.5360556    
  -13.3478012    
  -13.9839926    
  -12.2165070    
  -12.5542879    
  -12.3651276    
  -13.0928555    
  -13.1226568    
  -13.8057356    
  -13.7592316    
  -14.3597078    
  -13.8230095    
  -14.1950207    
  -14.2498360    
  -14.3403959    
  -13.7931919    
  -13.4651747    
  -13.2175751    
  -13.3583622    
  -13.3709345    
  -13.7120495    
  -14.7320175    
  -14.5067539    
  -14.9881983    
  -14.7081223    
  -14.2294579    
  -13.9450264    
  -12.9997559    
  -12.2625122    
  -12.4322023    
  -13.2909374    
  -12.9411268    
  -13.6561155    
  -13.8690462    
  -13.4432240    
  -13.9868803    
  -13.5959854    
  -13.4882889    
  -12.7417545    
  -13.0770063    
  -13.4128036    
  -13.6474466    
  -13.3600492    
  -12.8521929    
  -13.3494120    
  -13.1257954    
  -13.2947083    
  -13.5279541    
  -13.7926025    
  -13.7390738    
  -12.0606794    
  -13.5603962    
  -13.5343876    
  -12.7873831    
  -13.3096600    
  -13.8113909    
  -12.4122658    
  -12.1715069    
  -12.9914980    
  -13.1565762    
  -13.2371950    
  -13.2165537    
  -14.2393303    
  -13.9230413    
  -13.0447159    
  -12.5514555    
  -12.8187780    
  -12.7425146    
  -12.5877838    
  -12.9612007    
  -13.1203213    
  -11.7278776    
  -12.2404795    
  -12.2838049    
  -13.3997869    
  -12.7795687    
  -12.0168829    
  -11.5101223    
  -11.9641380    
  -13.0096626    
  -13.1649837    
  -13.6723814    
  -14.3092842    
  -14.5863638    
  -14.0807867    
  -13.0363483    
  -14.1137028    
  -13.9184122    
  -14.0877953    
  -14.2611904    
  -14.3264923    
  -14.0234165    
  -13.9268484    
  -13.6337767    
  -13.8514786    
  -13.5402822    
  -14.2607136    
  -12.9359980    
  -14.2283144    
  -14.0170956    
  -13.8713045    
  -13.1636600    
  -13.0279655    
  -12.9591513    
  -14.2011175    
  -14.7056847    
  -14.1231670    
  -14.6407232    
  -14.0649300    
  -12.7822809    
  -13.7787046    
  -13.8470707    
  -13.6946526    
  -13.8887806    
  -13.8090382    
  -13.9486570    
  -13.9034805    
  -13.3551760    
  -12.5779457    
  -13.4564610    
  -12.8584366    
  -12.5997467    
  -13.0302191    
  -12.1291857    
  -11.8121099    
  -11.3828831    
  -13.1517963    
  -12.9518042    
  -13.0029221    
  -12.9646053    
  -13.4985199    
  -14.0474815    
  -12.7320127    
  -12.7407103    
  -13.0303650    
  -13.6815948    
  -13.5100746    
  -12.6422806    
  -12.5212631    
  -12.3008566    
  -12.3981524    
  -12.6619129    
  -12.6864758    
  -12.0773821    
  -12.8364258    
  -12.8289890    
  -12.9488440    
  -12.4286461    
  -12.5417967    
  -12.3345385    
  -12.5463934    
  -12.3962822    
  -12.2399178    
  -13.2062912    
  -12.8568316    
  -12.9325733    
  -12.7451963    
  -13.6544418    
  -13.1805325    
  -13.0737505    
  -13.0365868    
  -11.5217867    
  -13.2067080    
  -14.5067978    
  -14.3986902    
  -14.2262640    
  -14.1477127    
  -13.9060059    
  -15.1316566    
  -15.0125856    
  -14.8770933    
  -14.3402529    
  -14.3391676    
  -14.7236109    
  -15.7893295    
  -15.2349663    
  -15.9590425    
  -15.9654989    
  -14.5333767    
  -14.4830484    
  -14.8728895    
  -14.8128347    
  -15.1068764    
  -15.3752565    
  -14.8978186    
  -14.9961891    
  -15.3388700    
  -15.0467005    
  -14.5735207    
  -14.7098761    
  -14.7096195    
  -14.2447233    
  -14.4314537    
  -13.7808323    
  -15.1398802    
  -14.6088390    
  -14.1318817    
  -14.4576578    
  -14.7362804    
  -15.0559692    
  -15.3671894    
  -15.3326263    
  -14.3119183    
  -15.5762959    
  -14.6001959    
  -14.5434761    
  -14.4397564    
  -14.6783056    
  -14.5205193    
  -15.4461994    
  -14.1007938    
  -14.9444828    
  -15.3814363    
  -14.8642912    
  -14.4288778    
  -15.3528004    
  -15.1793671    
  -14.7727890    
  -14.6409674    
  -15.0631390    
  -15.5627384    
  -14.7167282    
  -15.8275337    
  -15.4341249    
  -15.0591869    
  -15.1441965    
  -15.9207563    
  -15.7582474    
  -14.8246145    
  -15.2340174    
  -16.4467621    
  -16.0104389    
  -14.7820845    
  -14.9988966    
  -15.2364416    
  -14.8617725    
  -15.6301260    
  -15.3480959    
  -14.7770472    
  -14.5471830    
  -14.5942497    
  -14.2494192    
  -15.2788801    
  -15.1533880    
  -15.2080050    
  -15.7494373    
  -15.8371544    
  -16.2005672    
  -16.1848183    
  -15.6363745    
  -14.7234612    
  -14.7144308    
  -14.6261091    
  -12.9366512    
  -13.8784094    
  -14.0617037    
  -15.7793398    
  -15.7006969    
  -15.3362799    
  -15.1919136    
  -15.1637039    
  -15.2976341    
  -15.3641567    
  -15.2517338    
  -15.1305494    
  -14.8054075    
  -15.4538422    
  -14.8511400    
  -15.3300562    
  -15.3082619    
  -14.7233429    
  -14.4551764    
  -14.4851627    
  -14.1703005    
  -14.1606913    
  -14.4780798    
  -14.2130432    
  -14.3620148    
  -14.9676075    
  -14.4724140    
  -14.2692471    
  -13.6219921    
  -14.5178108    
  -15.4904699    
  -15.3797197    
  -14.9769068    
  -14.9529533    
  -14.6342936    
  -14.5541248    
  -13.3520546    
  -13.7953167    
  -15.1752739    
  -14.9517193    
  -15.0663185    
  -15.4013548    
  -15.6774912    
  -15.4610176    
  -15.1298199    
  -14.4264565    
  -14.4299536    
  -14.1498795    
  -14.1151476    
  -14.4441414    
  -14.3260431    
  -14.4552774    
  -13.9868879    
  -13.0341091    
  -13.8350058    
  -13.7141857    
  -13.8579826    
  -14.2630892    
  -13.9100494    
  -13.6588316    
  -13.8938637    
  -13.4144154    
  -13.7387104    
  -13.4626503    
  -13.9210310    
  -14.5773335    
  -14.0626125    
  -13.8134670    
  -14.6522856    
  -14.6869001    
  -14.1273680    
  -14.1615353    
  -14.4186792    
  -14.1273327    
  -14.2030878    
  -14.8160744    
  -14.3599873    
  -14.9939251    
  -14.6027098    
  -14.5981674    
  -15.4984493    
  -15.5663395    
  -15.1601648    
  -15.0144129    
  -13.5960245    
  -13.5041370    
  -13.6371403    
  -14.1047268    
  -14.0169992    
  -12.9388952    
  -12.8417282    
  -13.3772917    
  -13.2507019    
  -12.7535591    
  -12.7544422    
  -13.4109364    
  -12.9515142    
  -14.0600176    
  -14.2521305    
  -13.2153730    
  -14.1757774    
  -13.9301510    
  -13.4380732    
  -12.7598896    
  -13.1053982    
  -12.5940857    
  -12.4457645    
  -13.4020386    
  -12.8248987    
  -12.9448986    
  -13.4145651    
  -13.7419682    
  -13.8872910    
  -13.7839594    
  -13.4711428    
  -13.7584677    
  -13.4876642    
  -13.1158628    
  -12.8372402    
  -13.5636454    
  -13.0021133    
  -13.2505131    
  -13.6426296    
  -14.0454626    
  -13.8674564    
  -13.6627102    
  -13.0056658    
  -12.6599398    
  -14.3932180    
  -14.0524845    
  -14.1478949    
  -13.9806566    
  -13.8292675    
  -14.0707750    
  -13.8911190    
  -12.1901169    
  -11.6032610    
  -11.3714666    
  -10.8060455    
  -11.9423981    
  -11.3211126    
  -11.6718502    
  -11.7269306    
  -12.2006655    
  -12.2102375    
  -12.8214064    
  -13.0438137    
  -12.8584347    
  -12.8707933    
  -12.9792919    
  -12.0898924    
  -13.2472095    
  -13.6257811    
  -13.3258142    
  -13.7155666    
  -12.7632446    
  -14.1270466    
  -13.4172859    
  -12.7874613    
  -13.5036840    
  -13.8419867    
  -13.3346119    
  -13.0827885    
  -13.7053509    
  -13.7735739    
  -13.7809591    
  -13.3869648    
  -13.3001204    
  -14.3086615    
  -14.1296806    
  -13.4014177    
  -13.0781631    
  -13.1209660    
  -13.0064306    
  -12.9208860    
  -13.6267786    
  -13.9363346    
  -14.0328674    
  -12.6915245    
  -12.7118835    
  -11.7668591    
  -13.0168819    
  -13.8426189    
  -13.6495590    
  -13.8006306    
  -13.7674475    
  -13.1351690    
  -12.9212723    
  -12.9880152    
  -12.4457655    
  -12.1036959    
  -12.6551552    
  -12.5391197    
  -12.9321661    
  -13.4259186    
  -13.6100836    
  -12.9070520    
  -13.3656540    
  -13.4466562    
  -13.0761909    
  -12.2016354    
  -11.9245090    
  -12.0710316    
  -12.4669113    
  -12.7449303    
  -12.7181082    
  -11.9762869    
  -11.9514027    
  -11.7217102    
  -11.5765810    
  -12.6499157    
  -12.5397367    
  -12.4298096    
  -12.6612072    
  -12.3121748    
  -11.9849930    
  -12.2437754    
  -13.4712219    
  -12.9392185    
  -12.4368334    
  -12.4977503    
  -12.8929529    
  -12.2797985    
  -12.3106852    
  -12.0047331    
  -13.2044115    
  -13.2531242    
  -12.6455746    
  -12.5316553    
  -12.8436203    
  -13.1629877    
  -12.5227327    
  -13.0853062    
  -13.2937555    
  -13.5739069    
  -12.7542095    
  -13.1622982    
  -12.7694283    
  -12.2370491    
  -12.5339937    
  -12.2745781    
  -13.1508436    
  -12.6254892    
  -12.3066206    
  -12.8714924    
  -11.5115089    
  -12.9441128    
  -13.6722898    
  -12.8515539    
  -12.9738865    
  -12.4646282    
  -13.1545982    
  -13.1436329    
  -12.4543972    
  -11.8589516    
  -12.3304310    
  -12.5869045    
  -13.2283831    
  -13.2292681    
  -13.5746918    
  -13.1564503    
  -13.3887005    
  -13.1985159    
  -12.2589350    
  -12.1533337    
  -12.9866590    
  -13.4764242    
  -14.3052292    
  -14.0036793    
  -13.6523190    
  -13.3980227    
  -13.3689327    
  -12.9377375    
  -13.1197777    
  -13.2725115    
  -13.4561596    
  -13.4344530    
  -14.4161959    
  -14.0790644    
  -15.1184130    
  -15.2004786    
  -15.2069912    
  -14.7848997    
  -14.3469849    
  -14.7183752    
  -14.6587048    
  -14.0864172    
  -14.2709789    
  -13.7001228    
  -13.9748726    
  -14.0611267    
  -12.7986412    
  -13.0372410    
  -13.6629362    
  -14.4911032    
  -13.9429922    
  -14.0972395    
  -13.8722105    
  -14.1650953    
  -13.8989344    
  -14.2774153    
  -14.9092493    
  -14.8606653    
  -15.1939802    
  -15.1238432    
  -14.9635868    
  -14.1993961    
  -14.2437754    
  -13.9518003    
  -13.6610928    
  -13.8058634    
  -13.9985209    
  -13.2591648    
  -13.0333128    
  -14.7177944    
  -13.7687063    
  -14.7454453    
  -14.9599390    
  -14.2078657    
  -14.8591061    
  -14.2699528    
  -14.1110249    
  -13.6886177    
  -13.1488838    
  -13.4505959    
  -14.3551359    
  -14.4084568    
  -13.0391407    
  -12.9465771    
  -13.2550478    
  -13.2441597    
  -12.9146938    
  -13.1449127    
  -12.4553432    
  -12.6866064    
  -12.8779945    
  -13.5376749    
  -13.5362692    
  -13.8261824    
  -13.2202902    
  -13.8230352    
  -13.8173189    
  -13.6956358    
  -14.0214348    
  -13.5072346    
  -13.7399721    
  -13.1753702    
  -13.4428120    
  -13.9289894    
  -13.3551092    
  -13.3329124    
  -12.6667929    
  -13.4426394    
  -13.7630749    
  -12.9768505    
  -12.9524908    
  -13.1213055    
  -12.5579500    
  -12.5440645    
  -13.3968191    
  -12.3635941    
  -12.0633726    
  -11.8765030    
  -11.9331417    
  -11.7474756    
  -12.4464455    
  -11.4548645    
  -11.3236866    
  -11.8452568    
  -11.4692545    
  -13.3482790    
  -13.8009119    
  -13.0157156    
  -13.2681704    
  -12.5697479    
  -13.3387346    
  -13.0543442    
  -13.4275694    
  -13.5208502    
  -12.7847013    
  -13.5678225    
  -13.5997038    
  -13.6172733    
  -13.4561434    
  -13.4640903    
  -13.0216198    
  -13.0127850    
  -14.8402319    
  -14.0127783    
  -13.8988037    
  -14.1616879    
  -14.2308979    
  -13.8875675    
  -13.7751102    
  -14.0966530    
  -14.3784657    
  -14.0881805    
  -13.7991810    
  -13.4991169    
  -14.3043633    
  -14.1172295    
  -14.2800694    
  -13.8788748    
  -13.6739779    
  -14.4032879    
  -14.3257599    
  -14.2485085    
  -14.3276405    
  -14.4717484    
  -13.9901161    
  -13.9022598    
  -14.1743307    
  -13.4703474    
  -13.2872858    
  -13.9848175    
  -14.2394533    
  -14.1631784    
  -14.2294168    
  -13.2678938    
  -13.8053646    
  -14.4902115    
  -13.8993263    
  -13.0404482    
  -12.9940739    
  -13.8277636    
  -14.2096357    
  -14.8426266    
  -15.0393248    
  -15.3187199    
  -14.3628902    
  -14.2713614    
  -13.9500732    
  -13.5305223    
  -13.7928333    
  -14.6100121    
  -14.6114016    
  -14.1677809    
  -14.1627722    
  -13.7973738    
  -14.2323494    
  -13.8823347    
  -14.3104105    
  -14.5401258    
  -13.7724257    
  -13.8533411    
  -14.1718912    
  -14.1444302    
  -14.2535048    
  -14.5484152    
  -13.4069691    
  -14.1137476    
  -13.9139128    
  -12.3201132    
  -12.5173445    
  -13.7252884    
  -13.3612785    
  -13.1102943    
  -13.9526453    
  -14.1695910    
  -13.6783552    
  -14.1339760    
  -13.8797226    
  -13.8579845    
  -14.1693926    
  -13.3255415    
  -14.6863546    
  -14.3610277    
  -13.8424835    
  -13.4697247    
  -13.6716185    
  -14.3273325    
  -14.4591331    
  -14.1553612    
  -13.8604908    
  -13.4103260    
  -13.8957500    
  -14.0439243    
  -13.6634436    
  -13.7986345    
  -13.8903570    
  -13.9103699    
  -14.1595163    
  -13.9260645    
  -13.9162626    
  -14.1979723    
  -14.2024317    
  -13.6910591    
  -12.7232084    
  -12.2594280    
  -12.9298315    
  -12.9278526    
  -12.8907185    
  -12.4767895    
  -13.3931351    
  -13.3666220    
  -13.4217701    
  -13.5790205    
  -13.4433813    
  -14.0771322    
  -14.4785748    
  -14.4717464    
  -14.1606846    
  -13.7399321    
  -13.8426638    
  -13.6481733    
  -14.1120749    
  -14.4732885    
  -13.9106588    
  -13.8141241    
  -13.2745123    
  -13.0391741    
  -13.8719940    
  -14.3012886    
  -12.3409939    
  -12.6597614    
  -12.9751482    
  -13.5395241    
  -13.8520269    
  -13.7508230    
  -12.6865425    
  -14.0046797    
  -13.9863586    
  -14.4757719    
  -15.4816942    
  -15.2047739    
  -14.7987366    
  -14.8372498    
  -14.3918915    
  -14.1484280    
  -14.0734634    
  -14.3481636    
  -14.0764093    
  -13.5065985    
  -14.5730944    
  -14.7454958    
  -15.1463289    
  -14.4482393    
  -14.3857937    
  -15.1683903    
  -14.1758652    
  -13.9628506    
  -14.5502729    
  -14.0982819    
  -14.5014334    
  -14.7080250    
  -14.4848194    
  -14.6676817    
  -14.6477652    
  -14.9090595    
  -14.9422941    
  -14.4230165    
  -15.4086599    
  -16.0387383    
  -15.3279085    
  -14.8668146    
  -14.5448790    
  -14.1506910    
  -14.1748381    
  -15.2552738    
  -15.3984928    
  -15.3637285    
  -16.0862198    
  -16.7373695    
  -16.7611542    
  -15.8288651    
  -15.7332678    
  -15.9751482    
  -14.7302694    
  -15.5418539    
  -15.5186138    
  -15.6512461    
  -13.8165712    
  -14.2170649    
  -15.0395613    
  -15.3562870    
  -15.3478498    
  -15.5488281    
  -15.5804844    
  -16.1978130    
  -15.6594200    
  -15.6645079    
  -15.1529608    
  -16.1123123    
  -15.9098330    
  -15.9510708    
  -15.9770508    
  -15.9895287    
  -16.4306965    
  -16.7563114    
  -16.1275024    
  -14.4564600    
  -14.2143450    
  -14.3345547    
  -15.4729548    
  -14.6326876    
  -15.5060072    
  -15.3950043    
  -15.6140318    
  -15.3681517    
  -14.9350271    
  -14.9903021    
  -16.2187176    
  -16.0854740    
  -15.3690042    
  -15.9447718    
  -14.9794550    
  -15.0789328    
  -15.5051289    
  -14.7949390    
  -13.8874798    
  -14.1466064    
  -15.1690769    
  -14.8074665    
  -14.3443966    
  -13.6254663    
  -12.9765444    
  -13.7541714    
  -13.1889668    
  -14.0669098    
  -14.1002436    
  -13.4317808    
  -13.5565243    
  -13.8472233    
  -13.3674612    
  -13.3467436    
  -12.9658661    
  -13.4651051    
  -14.4821148    
  -15.2980957    
  -15.4933882    
  -15.5399256    
  -15.6568651    
  -15.6914196    
  -15.2825527    
  -15.1628609    
  -15.4507580    
  -15.6048689    
  -15.3552332    
  -15.5029640    
  -15.8143330    
  -15.9300938    
  -15.6845274    
  -15.4565992    
  -14.9634380    
  -14.5129242    
  -13.9518251    
  -14.9682970    
  -14.3926582    
  -14.3724108    
  -14.4861517    
  -13.9306116    
  -13.8174543    
  -14.7395639    
  -15.3435192    
  -14.8404865    
  -13.9136677    
  -14.5506821    
  -14.6620369    
  -14.6988802    
  -14.8113823    
  -15.4950285    
  -15.2103968    
  -15.3980207    
  -15.3893061    
  -14.5359793    
  -15.4201040    
  -16.2148781    
  -15.7799768    
  -15.9461584    
  -16.0564480    
  -16.0303440    
  -13.9273491    
  -14.7782516    
  -14.8400021    
  -14.9141321    
  -14.2793121    
  -14.0041246    
  -13.3107691    
  -14.5045290    
  -15.4675579    
  -16.3935757    
  -15.9419909    
  -15.5169163    
  -15.5895166    
  -15.3692141    
  -15.6196938    
  -15.6055450    
  -15.6562195    
  -14.0573387    
  -14.1500568    
  -14.0889750    
  -13.4631100    
  -14.4457541    
  -14.4092474    
  -15.0772934    
  -15.4694977    
  -14.5560389    
  -14.6395645    
  -15.0319929    
  -15.8356419    
  -15.4111423    
  -15.4718132    
  -15.4578285    
  -15.1147690    
  -15.2447987    
  -15.2500753    
  -14.9269810    
  -15.0741215    
  -14.9698896    
  -15.3385744    
  -15.4359283    
  -15.6192923    
  -15.4804106    
  -16.0531197    
  -15.6886415    
  -15.5188084    
  -15.7764139    
  -15.9960051    
  -15.9769192    
  -16.2766151    
  -15.6585026    
  -15.8220835    
  -15.5131187    
  -15.5304823    
  -15.1796827    
  -14.7089539    
  -15.0165215    
  -14.2927685    
  -14.5036745    
  -14.5391855    
  -14.0515985    
  -14.4197874    
  -14.1384230    
  -13.7570639    
  -13.8156357    
  -13.4640007    
  -14.2459002    
  -13.8878851    
  -13.9765244    
  -13.7386551    
  -13.0202560    
  -13.1190748    
  -13.8182468    
  -13.7046118    
  -13.4550791    
  -12.5957870    
  -13.0917454    
  -12.8980303    
  -14.0553207    
  -14.2319155    
  -14.5853081    
  -14.4734640    
  -14.7137070    
  -14.7028036    
  -14.8541183    
  -15.0246515    
  -14.4622984    
  -14.2857218    
  -14.0380030    
  -13.0980597    
  -14.4600239    
  -14.2847624    
  -14.3455753    
  -14.4585543    
  -14.3419590    
  -14.8118839    
  -14.8535051    
  -14.9430161    
  -15.2390337    
  -14.0478754    
  -13.9091520    
  -13.9135933    
  -13.1195545    
  -13.6998959    
  -14.0686178    
  -14.2124643    
  -13.5201778    
  -13.5996656    
  -13.9365921    
  -14.1393805    
  -14.1207094    
  -14.3513393    
  -13.9511919    
  -13.1137609    
  -13.5930576    
  -13.8868923    
  -13.8191833    
  -12.5928946    
  -13.0241556    
  -12.7359037    
  -12.8150473    
  -13.3661757    
  -13.9724932    
  -14.1811075    
  -14.4724684    
  -14.3685226    
  -13.3070345    
  -13.5211296    
  -13.0177870    
  -12.6091967    
  -11.4961033    
  -11.7439394    
  -12.5056868    
  -12.2231007    
  -12.8101244    
  -12.8397131    
  -12.5801697    
  -12.1772499    
  -12.2606621    
  -11.9031410    
  -12.0279713    
  -12.9270744    
  -13.3063650    
  -13.6930723    
  -13.3021736    
  -13.5609579    
  -14.8683052    
  -13.6723490    
  -13.7040997    
  -13.7291994    
  -14.0138397    
  -14.4388885    
  -14.8938580    
  -14.2883701    
  -13.6854429    
  -13.4188023    
  -14.3167238    
  -14.5293570    
  -14.6839647    
  -14.8296814    
  -14.3126888    
  -13.8632011    
  -14.3565636    
  -14.3196192    
  -13.7385511    
  -13.8931942    
  -13.8598642    
  -14.1438980    
  -14.1194429    
  -14.5578384    
  -14.3729410    
  -14.6043205    
  -14.8884840    
  -14.7451191    
  -14.6557283    
  -14.7122269    
  -14.0742636    
  -14.0065413    
  -14.2696190    
  -14.5701962    
  -13.9030247    
  -14.2021294    
  -14.2403517    
  -14.5552530    
  -14.3038588    
  -14.7651453    
  -14.1567059    
  -14.7466850    
  -14.6123276    
  -14.8246975    
  -14.6300468    
  -14.1102428    
  -14.8648052    
  -14.9876261    
  -15.0245180    
  -15.4444189    
  -15.2356777    
  -15.1308022    
  -15.1677208    
  -15.3270149    
  -15.2255831    
  -15.4066362    
  -15.7869835    
  -15.0124159    
  -15.3847656    
  -15.6090755    
  -15.2621174    
  -15.3126335    
  -15.2461052    
  -14.6736259    
  -14.9471760    
  -14.7173357    
  -14.8138733    
  -14.7888756    
  -14.6465445    
  -14.2333374    
  -15.0069494    
  -14.6149788    
  -13.8288145    
  -14.4712753    
  -14.3124018    
  -14.6681242    
  -14.2514286    
  -14.2629833    
  -13.9878979    
  -13.9361448    
  -14.3493576    
  -14.2738333    
  -14.3666048    
  -13.9042940    
  -14.2896004    
  -14.2457190    
  -13.5552101    
  -14.1419449    
  -14.5833378    
  -14.6580515    
  -14.6107626    
  -14.0922394    
  -13.5787249    
  -13.4027815    
  -13.3777151    
  -14.0085840    
  -13.6861210    
  -14.1728659    
  -14.1832705    
  -14.1729078    
  -14.1362028    
  -14.1957159    
  -14.3581057    
  -14.2000961    
  -13.9966030    
  -14.1110191    
  -14.9151630    
  -14.8282423    
  -14.2227345    
  -14.6352482    
  -15.0887356    
  -14.7936049    
  -13.6442795    
  -13.8564148    
  -14.0293150    
  -14.2722521    
  -13.9705219    
  -14.0251427    
  -14.0629854    
  -14.2548800    
  -13.9575109    
  -13.9981184    
  -13.8637648    
  -13.9163437    
  -13.3901196    
  -13.3262072    
  -12.7761679    
  -14.8702459    
  -15.0058336    
  -15.0749798    
  -14.5151939    
  -14.4359064    
  -14.5998974    
  -14.4247999    
  -14.4280052    
  -13.8194866    
  -14.0381575    
  -14.4382401    
  -14.2450523    
  -13.7125540    
  -14.5431213    
  -13.7368288    
  -14.0692110    
  -13.9216070    
  -13.8236980    
  -14.6611977    
  -14.2682228    
  -14.1603870    
  -14.6092339    
  -14.4252892    
  -14.4449720    
  -13.7607460    
  -14.5774937    
  -14.6620312    
  -14.3012619    
  -14.1522923    
  -14.4874411    
  -14.8858290    
  -15.1887245    
  -14.9985561    
  -14.6674957    
  -15.0028906    
  -15.4154043    
  -14.9479456    
  -14.6876125    
  -14.6722584    
  -14.0652533    
  -13.7651625    
  -14.2962885    
  -13.7855759    
  -14.1247978    
  -14.1161757    
  -13.9633398    
  -15.1031446    
  -14.3709631    
  -15.2044516    
  -14.9244013    
  -14.9559336    
  -15.2330704    
  -14.5993605    
  -14.1696100    
  -14.4519625    
  -14.2285690    
  -13.8158503    
  -13.3926048    
  -13.1164360    
  -12.8556004    
  -13.0880728    
  -13.6319551    
  -13.2865353    
  -13.0513916    
  -13.5568428    
  -13.4759922    
  -13.7516489    
  -13.5006018    
  -13.7075682    
  -14.0158262    
  -14.8410196    
  -14.1337223    
  -14.2066059    
  -13.8400393    
  -14.5181274    
  -13.8304491    
  -13.5867329    
  -14.3611431    
  -14.5819178    
  -14.4251547    
  -14.2987766    
  -14.0002213    
  -13.0337257    
  -13.3859615    
  -13.0651016    
  -13.1814251    
  -13.6313038    
  -13.2443047    
  -13.0864239    
  -14.0422783    
  -14.3165855    
  -13.2963400    
  -14.1199760    
  -13.9208088    
  -13.8538790    
  -13.9882984    
  -14.7891674    
  -14.5886183    
  -15.0542860    
  -15.0306797    
  -15.7332191    
  -15.0020905    
  -14.4826450    
  -14.2742910    
  -14.6093054    
  -14.1052561    
  -13.7694321    
  -14.0378714    
  -13.6326866    
  -13.3808432    
  -13.7711382    
  -14.0194082    
  -13.8853807    
  -13.6437101    
  -13.3347464    
  -13.8632154    
  -13.5141630    
  -13.6603365    
  -13.1947947    
  -13.7271357    
  -13.2818689    
  -14.5156288    
  -14.3279877    
  -13.9101543    
  -14.1282215    
  -14.4202414    
  -14.5005150    
  -14.7907162    
  -14.0635386    
  -13.8453140    
  -14.1133947    
  -13.9447403    
  -14.0432968    
  -14.0929346    
  -14.6741867    
  -14.5228043    
  -14.3085518    
  -14.7226562    
  -14.6007204    
  -13.4913597    
  -13.8507376    
  -14.7344379    
  -14.7904148    
  -14.5424137    
  -13.6954813    
  -13.5747852    
  -14.2731619    
  -14.2101421    
  -14.2991638    
  -14.1666698    
  -15.1014471    
  -14.7028370    
  -14.4658976    
  -14.7207527    
  -14.9673901    
  -15.1800880    
  -14.3755074    
  -13.8886290    
  -13.8258219    
  -14.8219843    
  -14.8754253    
  -14.9363651    
  -14.1195965    
  -14.4782248    
  -14.2886076    
  -14.2443447    
  -14.5995741    
  -13.7362137    
  -14.0031967    
  -14.1013145    
  -14.6674109    
  -14.5526371    
  -14.5968027    
  -14.1848040    
  -14.6128063    
  -14.6787891    
  -14.3173409    
  -14.5360327    
  -14.2334089    
  -13.7116957    
  -13.2716475    
  -13.6224661    
  -13.7903643    
  -13.7345629    
  -13.7464638    
  -12.7020559    
  -12.3338985    
  -12.6152515    
  -12.2583189    
  -13.2370434    
  -13.8360453    
  -13.5438604    
  -13.2502089    
  -13.5429621    
  -14.1645975    
  -14.0608912    
  -13.7984295    
  -13.5782003    
  -14.0049934    
  -12.8047342    
  -12.6753550    
  -12.1521626    
  -12.7038565    
  -12.8212719    
  -13.2392750    
  -13.0497437    
  -12.9177771    
  -12.3606548    
  -12.6200266    
  -13.0193005    
  -12.4311438    
  -11.6436272    
  -13.3298903    
  -13.4477854    
  -13.1472731    
  -13.6773787    
  -13.9225359    
  -13.9358721    
  -13.9446049    
  -13.9438925    
  -13.4638081    
  -12.4806728    
  -13.1586285    
  -13.3233728    
  -13.3550549    
  -13.7781544    
  -13.5570307    
  -13.2710962    
  -13.4337597    
  -12.7132654    
  -12.3439655    
  -11.9871674    
  -11.1321011    
  -11.4818954    
  -11.8819952    
  -11.4255638    
  -12.3078604    
  -13.1325169    
  -13.1551170    
  -13.3149576    
  -13.2211561    
  -12.4873400    
  -10.0512352    
  -12.5567636    
  -12.0504246    
  -11.8577662    
  -12.3674717    
  -12.9376144    
  -12.7801323    
  -12.9791546    
  -12.1977673    
  -11.4522858    
  -11.4151239    
  -11.0613956    
  -11.3550348    
  -11.5390234    
  -12.4750919    
  -14.1220760    
  -13.7730541    
  -13.6126184    
  -13.0329094    
  -13.3665419    
  -13.2886963    
  -12.6255531    
  -12.0079346    
  -12.4377766    
  -12.0193815    
  -13.0127945    
  -13.4366150    
  -13.3699503    
  -13.0439882    
  -12.3322678    
  -12.7266026    
  -13.0026455    
  -12.4058418    
  -13.1410666    
  -13.7869473    
  -13.3736982    
  -13.3843594    
  -12.7337484    
  -12.5320339    
  -12.6594687    
  -12.9279299    
  -13.5962563    
  -13.2975693    
  -12.9647369    
  -13.4498587    
  -13.8102140    
  -12.7654543    
  -12.8402414    
  -13.3040915    
  -13.2925386    
  -13.1773472    
  -14.1854410    
  -13.5350866    
  -13.5395336    
  -13.6745853    
  -13.6698895    
  -13.4560928    
  -13.1621647    
  -13.0202827    
  -12.8764839    
  -11.2386961    
  -11.5964937    
  -11.8706465    
  -12.6666536    
  -12.9169979    
  -12.6497583    
  -12.8657303    
  -12.8531532    
  -13.7591286    
  -14.1105623    
  -12.9739552    
  -13.0740318    
  -13.0886974    
  -13.4979839    
  -13.4291143    
  -13.3597755    
  -13.1363811    
  -13.8509750    
  -13.7529182    
  -13.9537439    
  -13.9390421    
  -14.0044537    
  -13.1989012    
  -12.4526367    
  -12.0203123    
  -12.7356176    
  -12.6600447    
  -12.7794800    
  -13.3772039    
  -13.6471376    
  -13.2919550    
  -13.6563330    
  -13.8799582    
  -14.2523365    
  -13.9085932    
  -14.4336843    
  -14.2903910    
  -14.2202129    
  -14.0594845    
  -13.9392357    
  -14.3551083    
  -14.4180107    
  -14.2484932    
  -14.1998253    
  -13.7608080    
  -14.2783585    
  -13.1884031    
  -13.0823650    
  -12.7975826    
  -12.2951031    
  -10.6997623    
  -12.8504143    
  -12.9715223    
  -12.7270956    
  -13.0695353    
  -13.4864950    
  -14.0479965    
  -13.2071533    
  -12.5035267    
  -12.4449673    
  -12.7232542    
  -13.0926714    
  -12.7586432    
  -12.9195757    
  -12.7096043    
  -12.4786530    
  -12.7979126    
  -12.7863235    
  -12.9533367    
  -12.7244463    
  -12.6036901    
  -12.2461720    
  -11.8644810    
  -11.4702883    
  -11.2810678    
  -11.4456415    
  -11.7830286    
  -11.3149776    
  -12.6989098    
  -12.4304333    
  -12.3567486    
  -12.2492771    
  -12.0421305    
  -12.8303890    
  -12.6094046    
  -12.7225237    
  -13.1518660    
  -13.2725668    
  -13.1242256    
  -12.4612179    
  -13.2163467    
  -12.6268616    
  -12.8366270    
  -14.1390467    
  -14.1537628    
  -14.5086555    
  -14.1855125    
  -14.0014515    
  -13.5338564    
  -13.8592005    
  -13.0855465    
  -13.9284620    
  -14.3541842    
  -14.9449701    
  -14.9402618    
  -13.9387321    
  -14.0388508    
  -14.0813532    
  -13.7864599    
  -13.2792196    
  -14.1715240    
  -14.6378031    
  -14.6022444    
  -14.6612091    
  -13.6969700    
  -13.6437759    
  -13.9204578    
  -14.0865736    
  -13.5633669    
  -12.8967466    
  -12.8551102    
  -12.1711826    
  -12.7348576    
  -12.4396582    
  -14.1113243    
  -14.8417511    
  -14.7386618    
  -14.4906645    
  -14.2626553    
  -13.9986095    
  -13.9277363    
  -13.8456154    
  -13.0676613    
  -14.2905245    
  -13.2294436    
  -13.4855032    
  -13.9742155    
  -14.6652403    
  -14.7925911    
  -14.4165125    
  -14.4384260    
  -14.3444843    
  -13.5644255    
  -13.3463840    
  -13.1537685    
  -13.4873018    
  -12.8771162    
  -13.4092712    
  -13.6970568    
  -13.3567753    
  -14.1485901    
  -13.5914888    
  -12.7200871    
  -12.9327888    
  -13.2953568    
  -13.7167683    
  -13.7731476    
  -14.6305523    
  -13.5955410    
  -14.1296167    
  -13.8865805    
  -13.7155972    
  -13.2117958    
  -13.7327061    
  -13.2936983    
  -13.1314926    
  -13.4601717    
  -12.8772497    
  -13.1437035    
  -13.1603565    
  -13.3490562    
  -12.2635603    
  -13.5681667    
  -13.0753603    
  -12.2410192    
  -13.0909557    
  -13.6379128    
  -14.1356506    
  -12.7221451    
  -13.6598606    
  -13.5260525    
  -13.7810717    
  -13.4017572    
  -13.6294012    
  -13.3098087    
  -12.4601669    
  -13.3621140    
  -12.9926414    
  -12.9068975    
  -12.6537685    
  -13.1706133    
  -13.3904829    
  -14.0223932    
  -13.6683588    
  -13.6844940    
  -14.4868746    
  -14.3422680    
  -14.0272150    
  -13.3149710    
  -11.9506168    
  -13.3644848    
  -12.7694778    
  -13.1130409    
  -13.7820511    
  -13.3979712    
  -13.3471012    
  -13.9975185    
  -13.8817968    
  -12.9761400    
  -13.0838709    
  -13.3117781    
  -13.2082968    
  -13.3975992    
  -13.4268894    
  -13.3623323    
  -12.6886339    
  -12.8392410    
  -12.7911348    
  -13.2938318    
  -12.9630814    
  -13.0690117    
  -13.0707645    
  -12.8241158    
  -13.3279905    
  -12.7490978    
  -11.3926229    
  -13.1558800    
  -13.0377045    
  -13.0060234    
  -13.0516930    
  -12.9801893    
  -12.8444223    
  -13.1338463    
  -12.3819189    
  -13.0420990    
  -13.0515089    
  -13.0342216    
  -12.6288700    
  -12.6179867    
  -12.6555405    
  -12.8572969    
  -13.0979309    
  -13.0455303    
  -12.4521685    
  -11.7902822    
  -11.6925468    
  -11.5117855    
  -11.5884199    
  -11.8047171    
  -11.2508917    
  -11.2734194    
  -10.6898479    
  -11.5905046    
  -10.9609156    
  -10.3224754    
  -10.3827562    
  -10.3348560    
  -10.5921593    
  -11.3012047    
  -11.1272316    
  -10.9678097    
  -11.2046871    
  -11.3283720    
  -11.5895004    
  -11.9764776    
  -11.4261599    
  -11.5751219    
  -12.0911331    
  -12.9569092    
  -12.7813444    
  -13.9125423    
  -13.5627174    
  -14.1895828    
  -14.1253719    
  -14.2846470    
  -14.5317383    
  -13.8148718    
  -14.0618839    
  -12.9630814    
  -12.0280685    
  -12.0758410    
  -12.6917238    
  -13.5201740    
  -13.5802612    
  -14.4770737    
  -14.5937510    
  -14.4120646    
  -14.6410532    
  -14.7102890    
  -13.7939606    
  -12.7074137    
  -13.3529959    
  -14.1338367    
  -14.3758678    
  -15.0592632    
  -13.4558220    
  -14.1556950    
  -14.1290646    
  -13.1082125    
  -13.2986374    
  -12.9500389    
  -14.3563547    
  -13.9231033    
  -13.9332228    
  -13.1671648    
  -13.8592167    
  -14.4205885    
  -14.8923206    
  -15.0783567    
  -14.8688879    
  -15.0370550    
  -14.8310757    
  -15.3095312    
  -15.3044014    
  -15.0626802    
  -15.2512817    
  -15.4702301    
  -15.2375879    
  -15.2827177    
  -14.4875154    
  -15.0531693    
  -15.5742903    
  -15.5074940    
  -14.9086609    
  -14.2701244    
  -14.1032066    
  -14.7126913    
  -14.2082777    
  -13.7790747    
  -14.7793961    
  -14.6634541    
  -14.8750553    
  -14.3918228    
  -13.2579651    
  -14.4718666    
  -14.9011831    
  -14.7375679    
  -14.4167614    
  -12.7583160    
  -12.5644855    
  -13.6169252    
  -14.0746841    
  -14.3807821    
  -13.1258450    
  -12.6662340    
  -12.8278770    
  -13.0974131    
  -13.3112869    
  -13.2447042    
  -12.8294573    
  -13.6792059    
  -13.2049761    
  -12.3730192    
  -11.9573154    
  -13.4635525    
  -12.9178267    
  -12.8872652    
  -12.6856918    
  -13.4915800    
  -12.6427116    
  -12.2650433    
  -12.9629240    
  -13.6601248    
  -12.9136295    
  -12.6096191    
  -13.1636534    
  -12.3993778    
  -12.6224890    
  -13.5851297    
  -13.6489105    
  -13.7743883    
  -13.4159822    
  -13.9165077    
  -13.5933571    
  -13.8854628    
  -13.7122421    
  -13.6502485    
  -14.6383219    
  -15.0653019    
  -14.1223154    
  -15.0270720    
  -14.6094217    
  -14.2081633    
  -14.2036428    
  -14.3271618    
  -14.5164299    
  -14.4292059    
  -13.6196508    
  -13.9548874    
  -14.3113890    
  -14.2850876    
  -14.3026276    
  -14.2749958    
  -14.5842733    
  -14.1088390    
  -14.0907574    
  -14.4995508    
  -13.7799263    
  -14.6904058    
  -15.0464220    
  -14.9504433    
  -14.3194895    
  -14.3140831    
  -14.0775623    
  -14.1700850    
  -12.9044676    
  -12.9973688    
  -13.1288929    
  -15.1035013    
  -14.1358547    
  -14.1220341    
  -15.5350971    
  -15.2722235    
  -14.6884584    
  -15.1107655    
  -14.9597702    
  -14.3993311    
  -13.5004864    
  -14.1886806    
  -14.6201429    
  -13.5774240    
  -14.0580435    
  -14.7252007    
  -14.7510071    
  -15.1427402    
  -15.7543058    
  -15.9421062    
  -15.3692055    
  -15.3293619    
  -14.8230076    
  -14.6147814    
  -14.8714008    
  -14.6242237    
  -14.7120867    
  -14.1225052    
  -14.5203524    
  -14.2023554    
  -14.7573547    
  -15.0091171    
  -15.2248745    
  -14.6562366    
  -14.9263287    
  -14.1461411    
  -13.7992620    
  -13.1362028    
  -14.6379461    
  -14.4717455    
  -14.2121830    
  -14.8366632    
  -14.4872026    
  -15.1327562    
  -14.8509150    
  -14.0638170    
  -13.6398659    
  -12.6686993    
  -13.5652418    
  -13.1348276    
  -13.0687475    
  -13.4070101    
  -13.4690504    
  -12.8094025    
  -12.3841896    
  -12.6876478    
  -12.5512476    
  -12.5779114    
  -12.3732300    
  -12.8086624    
  -11.9263563    
  -11.7163639    
  -11.7701025    
  -11.8528118    
  -11.8313150    
  -12.0455980    
  -11.9271441    
  -11.9115629    
  -12.9049387    
  -13.3963938    
  -13.6895399    
  -14.4595146    
  -14.1386538    
  -13.9808931    
  -14.8853979    
  -14.3845530    
  -14.4959297    
  -14.6200581    
  -14.5573730    
  -14.5563841    
  -14.2198954    
  -14.2827263    
  -13.6771774    
  -13.8254633    
  -14.2518120    
  -13.4323759    
  -14.4279604    
  -14.6746540    
  -15.1018353    
  -14.8420086    
  -14.7455864    
  -14.2862206    
  -14.4328470    
  -14.0014849    
  -13.7551126    
  -14.3963919    
  -14.6127787    
  -14.3019075    
  -14.5871925    
  -15.3038788    
  -15.3230066    
  -14.7998648    
  -15.5361462    
  -15.3720188    
  -15.2519894    
  -15.0888863    
  -13.9434185    
  -13.8654222    
  -13.9546051    
  -14.2666740    
  -13.7207146    
  -14.3114386    
  -14.8244905    
  -15.0711250    
  -15.2759991    
  -15.2709265    
  -15.5802984    
  -15.7071791    
  -14.8631830    
  -14.3605032    
  -13.8066492    
  -13.8542175    
  -12.0582399    
  -13.3761120    
  -13.6516695    
  -12.7432508    
  -12.5424643    
  -12.8000546    
  -12.7806940    
  -12.4357176    
  -13.3929253    
  -13.4674530    
  -12.6179543    
  -13.1407852    
  -13.4660120    
  -14.2676563    
  -13.9074163    
  -13.8231955    
  -14.2950048    
  -14.3349123    
  -14.5148411    
  -14.1503706    
  -14.3287516    
  -14.9420881    
  -14.4036579    
  -13.5318623    
  -14.5455399    
  -14.5112286    
  -14.6801805    
  -14.5821218    
  -14.2966042    
  -13.6516819    
  -14.0325508    
  -13.5809212    
  -14.7441730    
  -14.2842836    
  -14.4116344    
  -14.3995485    
  -13.9700727    
  -14.3930559    
  -14.3374386    
  -14.0659294    
  -14.4301081    
  -13.7454233    
  -13.9239445    
  -13.3096476    
  -13.0743017    
  -14.0515070    
  -13.4723139    
  -12.6013832    
  -13.6858358    
  -13.7026358    
  -13.8247499    
  -13.7425766    
  -13.2589817    
  -13.9296341    
  -13.8188515    
  -13.8288441    
  -13.8057308    
  -13.8191814    
  -14.5987673    
  -14.3549948    
  -14.6455040    
  -14.0437078    
  -14.5515976    
  -14.5190296    
  -14.5687990    
  -14.0544968    
  -15.1313190    
  -15.2207966    
  -15.4938927    
  -15.3719101    
  -15.0683060    
  -13.6915178    
  -13.4991550    
  -14.3334064    
  -14.9243298    
  -14.6125669    
  -14.7971840    
  -15.2381001    
  -15.2978621    
  -15.0456600    
  -14.8208017    
  -14.7984562    
  -15.2204065    
  -15.2062731    
  -14.2090616    
  -14.1880922    
  -14.1971903    
  -13.7012138    
  -14.2775459    
  -14.0839348    
  -14.5959530    
  -15.5616360    
  -15.4382753    
  -15.3490152    
  -15.7433643    
  -16.6170464    
  -15.0863867    
  -14.3006334    
  -15.3757143    
  -16.1193256    
  -16.0591965    
  -15.8789740    
  -16.0131302    
  -15.8969889    
  -15.3649006    
  -15.2310438    
  -16.0041332    
  -15.9453802    
  -15.5644341    
  -14.6989346    
  -15.2554703    
  -14.1782284    
  -15.4495001    
  -15.6019278    
  -15.4261484    
  -13.9179373    
  -14.4142752    
  -13.9561768    
  -13.9611559    
  -13.7891645    
  -13.4010916    
  -13.4212294    
  -14.4615841    
  -14.3245153    
  -14.0766983    
  -14.3773804    
  -14.8233166    
  -14.9289560    
  -14.6307430    
  -14.8814487    
  -15.4105501    
  -15.7731476    
  -15.3555431    
  -15.5945654    
  -14.8673611    
  -15.0131121    
  -14.5822554    
  -15.1345739    
  -15.1872854    
  -14.5979538    
  -14.4977379    
  -15.5517006    
  -16.0351200    
  -14.9475956    
  -15.3295116    
  -15.3589916    
  -15.4001741    
  -14.6801853    
  -15.1705160    
  -13.2996054    
  -13.6713657    
  -13.4097557    
  -12.7798815    
  -12.9211826    
  -13.6382885    
  -14.4744234    
  -15.0217838    
  -15.3641434    
  -15.1882401    
  -15.7766371    
  -15.7079029    
  -15.9293633    
  -15.4961386    
  -14.6802425    
  -15.4057074    
  -15.0669823    
  -15.3815098    
  -15.2426472    
  -15.2052355    
  -15.8681221    
  -15.3454514    
  -15.4963627    
  -15.6867790    
  -15.5668812    
  -15.6127949    
  -15.5274124    
  -15.1705666    
  -14.1938887    
  -13.8853760    
  -13.9661264    
  -14.4215021    
  -13.8450270    
  -14.7960072    
  -13.7649727    
  -15.0255203    
  -14.4633512    
  -14.5829220    
  -14.7891455    
  -15.0142450    
  -14.7716255    
  -15.4583368    
  -14.9065418    
  -14.4074202    
  -15.5075541    
  -14.7252779    
  -13.6643524    
  -14.8188095    
  -14.1041059    
  -13.9032621    
  -13.8708239    
  -13.9892673    
  -14.1760006    
  -14.7033873    
  -14.6485329    
  -14.6355724    
  -14.1415758    
  -14.2960577    
  -14.3724194    
  -14.7460890    
  -14.7970638    
  -14.9175072    
  -14.8322477    
  -14.4368944    
  -14.7373590    
  -14.0263319    
  -15.3155622    
  -13.6964779    
  -13.8145113    
  -13.7739582    
  -14.5488567    
  -14.5581541    
  -13.2090473    
  -12.7370806    
  -14.4091988    
  -14.0845594    
  -14.7415190    
  -13.6615210    
  -14.2240248    
  -15.3500509    
  -15.9507084    
  -15.3794832    
  -15.4192047    
  -16.0688591    
  -15.7718487    
  -14.1564713    
  -14.5159159    
  -14.8301039    
  -14.7521725    
  -14.2071886    
  -13.6896744    
  -13.2610779    
  -12.9460211    
  -11.4009552    
  -12.0625286    
  -11.4798384    
  -12.1735678    
  -12.3003168    
  -12.2464628    
  -12.8668661    
  -13.7200031    
  -15.3289413    
  -15.4610233    
  -14.9620209    
  -15.4152193    
  -15.5128231    
  -14.7228889    
  -14.7588472    
  -14.3781137    
  -13.4095335    
  -13.4645357    
  -13.8184814    
  -14.4768982    
  -14.1065426    
  -14.8145218    
  -14.7094803    
  -15.0500374    
  -15.0465927    
  -14.8296270    
  -14.6200113    
  -14.5577984    
  -14.2014036    
  -14.2228918    
  -15.0922413    
  -14.5237513    
  -14.9306746    
  -15.0613003    
  -15.1995840    
  -15.1075516    
  -15.2872238    
  -14.3229666    
  -14.5268965    
  -13.9837408    
  -14.1190300    
  -14.4008312    
  -13.8986263    
  -13.7290239    
  -14.5956850    
  -13.8204994    
  -14.7187538    
  -14.9371376    
  -14.8119183    
  -14.4481678    
  -15.1177464    
  -15.4284534    
  -15.7416964    
  -15.2474642    
  -15.2922955    
  -15.2575922    
  -15.5312386    
  -15.3847342    
  -15.1417418    
  -15.1232901    
  -15.2828407    
  -15.8288755    
  -15.3229437    
  -14.1153316    
  -13.5636988    
  -14.6299210    
  -13.9148684    
  -13.4522886    
  -14.2155361    
  -14.6267366    
  -14.7919388    
  -14.6843615    
  -14.6005888    
  -14.5680504    
  -15.2768869    
  -15.6299438    
  -15.5865955    
  -15.2032795    
  -15.7302971    
  -15.5850163    
  -14.6685495    
  -13.5356979    
  -14.2405443    
  -13.1847363    
  -13.8291674    
  -13.3368654    
  -13.5088282    
  -14.2883854    
  -13.3669491    
  -14.0966158    
  -14.2293997    
  -14.5146065    
  -15.2734308    
  -15.5830393    
  -14.5771723    
  -14.7687874    
  -15.2207117    
  -15.9025669    
  -15.6122751    
  -15.5414724    
  -15.1522017    
  -14.9516106    
  -15.6300087    
  -15.0524750    
  -15.1440811    
  -14.7766628    
  -14.8533478    
  -14.7229671    
  -15.2826357    
  -14.7909575    
  -15.0363979    
  -15.8760824    
  -15.4508953    
  -15.7273521    
  -15.3903532    
  -15.0073586    
  -14.5274429    
  -14.6401768    
  -14.1762981    
  -13.9313698    
  -14.5786829    
  -15.3597622    
  -15.9123096    
  -15.6381874    
  -15.9090672    
  -15.2173080    
  -16.1262207    
  -16.0936413    
  -15.8682814    
  -15.3888321    
  -15.8542004    
  -15.3037281    
  -15.4143543    
  -15.2927580    
  -15.5209360    
  -15.1316471    
  -15.1465244    
  -15.1176605    
  -15.3966646    
  -15.0696239    
  -14.5562410    
  -14.5928602    
  -15.0702877    
  -14.9423132    
  -15.0039101    
  -15.0523367    
  -14.7224617    
  -15.2412663    
  -14.6262922    
  -13.7739925    
  -14.1500320    
  -14.7319698    
  -14.2488394    
  -14.3361397    
  -14.9319677    
  -14.0132742    
  -14.3945599    
  -13.7859020    
  -14.8614168    
  -14.4090347    
  -14.4290733    
  -13.8051615    
  -13.9504690    
  -13.9575586    
  -13.5369482    
  -14.6632757    
  -14.4451313    
  -14.6372194    
  -14.5308876    
  -13.7520342    
  -14.4568596    
  -13.5745459    
  -13.8984346    
  -13.1770964    
  -13.0257654    
  -13.1573315    
  -13.6675119    
  -14.6450167    
  -13.8857565    
  -14.7965727    
  -14.4485302    
  -14.7662687    
  -14.8645172    
  -15.0035877    
  -14.6334724    
  -14.4530649    
  -14.5007524    
  -15.2396936    
  -14.8635807    
  -14.3131771    
  -14.7735882    
  -15.1528320    
  -15.3550339    
  -15.8725433    
  -15.1608839    
  -15.3121328    
  -15.2063313    
  -14.7878294    
  -14.6726608    
  -14.4212990    
  -14.4100084    
  -13.9890318    
  -13.8570738    
  -13.1486158    
  -14.4273138    
  -13.8721533    
  -13.1994247    
  -13.3326616    
  -13.5672674    
  -13.8306751    
  -14.8481274    
  -14.6130428    
  -14.9105263    
  -14.5193815    
  -14.0966492    
  -14.3150768    
  -14.5036182    
  -15.2776289    
  -15.0781021    
  -15.7180748    
  -15.5358181    
  -15.3974667    
  -15.1118145    
  -14.8304739    
  -15.2146482    
  -14.9049177    
  -15.0119524    
  -15.3414488    
  -15.6520596    
  -15.6202641    
  -15.0735569    
  -15.0764160    
  -14.5520134    
  -14.8559637    
  -15.1674814    
  -15.4515295    
  -15.4620771    
  -15.7070131    
  -15.6815252    
  -15.5967751    
  -14.5454330    
  -14.4723463    
  -14.8223000    
  -14.7739525    
  -14.7076683    
  -14.4547806    
  -12.5224638    
  -12.6667652    
  -14.5824223    
  -15.0227795    
  -14.7651443    
  -14.3511696    
  -13.4781303    
  -11.6889935    
  -14.2379122    
  -14.9751644    
  -14.2190771    
  -15.5032539    
  -15.2931118    
  -14.9236183    
  -14.7227144    
  -15.3231602    
  -14.4031658    
  -13.5929594    
  -13.9033699    
  -13.8856802    
  -13.1201458    
  -13.2700500    
  -13.7996368    
  -13.3573275    
  -13.4098024    
  -13.3289051    
  -13.3566227    
  -13.1344967    
  -13.0864935    
  -12.5819836    
  -12.7146168    
  -12.7298899    
  -13.3081713    
  -14.0659122    
  -14.0176954    
  -13.7228813    
  -13.4956884    
  -12.8395805    
  -12.6364059    
  -13.0772495    
  -13.2613831    
  -13.0352230    
  -13.1218252    
  -13.7165461    
  -13.1396017    
  -11.9921141    
  -12.9733477    
  -13.4618340    
  -13.9335966    
  -14.4766216    
  -13.7407980    
  -13.7646074    
  -13.7051840    
  -13.5774221    
  -13.2923069    
  -13.1339836    
  -13.6528969    
  -12.5205383    
  -12.5532475    
  -13.4451056    
  -12.8903885    
  -12.9154415    
  -12.9174957    
  -12.6802874    
  -12.5730696    
  -12.1156559    
  -12.2671318    
  -12.6069136    
  -12.7931271    
  -12.1476440    
  -11.7867632    
  -11.2219124    
  -10.7261314    
  -10.9964600    
  -9.34161186    
  -11.6018410    
  -12.0588150    
  -11.8067379    
  -11.6224289    
  -12.1404610    
  -12.6252871    
  -12.1759405    
  -12.0402355    
  -12.2329807    
  -13.2295074    
  -13.8637943    
  -12.9471664    
  -11.4403305    
  -11.4398079    
  -11.6832924    
  -11.8723841    
  -12.2812233    
  -13.2733994    
  -13.9319859    
  -14.0302229    
  -13.9826059    
  -13.6807699    
  -13.4190474    
  -12.6799040    
  -13.8711920    
  -13.7416544    
  -14.5475616    
  -14.5895891    
  -14.0796013    
  -13.7169037    
  -14.2365904    
  -14.6317282    
  -14.2666464    
  -14.7184114    
  -14.6783018    
  -13.5826435    
  -12.3299675    
  -13.3522463    
  -12.6847467    
  -11.9838200    
  -13.1583996    
  -12.9484978    
  -13.2094650    
  -13.2322149    
  -13.3563538    
  -13.0782309    
  -13.0303555    
  -12.4941664    
  -12.3903971    
  -12.3590546    
  -13.6936712    
  -14.2403030    
  -14.2430401    
  -14.7929258    
  -13.5082502    
  -13.5522585    
  -14.3669815    
  -13.3770065    
  -14.5429201    
  -14.0330839    
  -13.0816679    
  -13.3094168    
  -13.8754158    
  -13.4236650    
  -13.2091236    
  -12.3255997    
  -12.5329866    
  -12.2080259    
  -12.2994537    
  -12.1486969    
  -12.0103703    
  -12.4567280    
  -12.5182323    
  -12.8678656    
  -13.4939852    
  -13.2917128    
  -12.7809792    
  -13.1468086    
  -13.0577765    
  -12.5684204    
  -13.8618450    
  -14.6318331    
  -14.4699345    
  -14.3430071    
  -13.9320993    
  -13.3391428    
  -12.7987509    
  -13.6933651    
  -13.1557102    
  -12.6280584    
  -11.4364491    
  -12.2809620    
  -12.2444973    
  -13.0546656    
  -12.9380283    
  -12.9207840    
  -13.4403162    
  -13.3519897    
  -12.3967276    
  -12.7669277    
  -10.9160433    
  -10.7881508    
  -11.1732264    
  -12.7124557    
  -12.8568659    
  -12.6033211    
  -12.6850605    
  -11.9958973    
  -11.5451355    
  -11.7575130    
  -12.7811022    
  -13.0347652    
  -13.4521294    
  -13.4852943    
  -13.3968811    
  -12.2658463    
  -12.1107235    
  -12.2310390    
  -12.3236418    
  -12.8948336    
  -12.8113985    
  -13.3361349    
  -12.3878517    
  -11.9809237    
  -12.4603395    
  -12.0707150    
  -12.4761906    
  -12.6083908    
  -12.4943361    
  -12.6594000    
  -12.0522966    
  -11.9099531    
  -11.9667282    
  -12.7144442    
  -13.3742905    
  -13.1174135    
  -12.8118515    
  -12.8243790    
  -12.4958305    
  -12.9136858    
  -11.8408794    
  -12.6547337    
  -12.8780565    
  -13.0945292    
  -12.1270542    
  -12.5201035    
  -11.6863575    
  -12.1557560    
  -12.3667154    
  -12.2787457    
  -12.4558344    
  -12.2664776    
  -12.6737194    
  -12.8167200    
  -13.0699139    
  -12.5623407    
  -12.5332727    
  -12.2887831    
  -11.7749491    
  -11.9973698    
  -11.2166395    
  -11.1150141    
  -11.1844187    
  -11.2118168    
  -11.1591530    
  -11.1309834    
  -11.1902323    
  -10.8716087    
  -10.3866396    
  -11.2841702    
  -11.0570030    
  -10.7461977    
  -11.5346832    
  -11.0342331    
  -11.3703022    
  -11.7734346    
  -9.93011189    
  -10.2423115    
  -10.3005924    
  -10.0264740    
  -9.44438362    
  -9.67581367    
  -9.57776833    
  -10.0563517    
  -11.0920019    
  -10.7179623    
  -12.0660124    
  -11.8914614    
  -11.8084478    
  -10.9831839    
  -11.2433414    
  -11.8627214    
  -12.6144142    
  -12.7620211    
  -13.0544243    
  -13.1547718    
  -13.2655210    
  -12.8407345    
  -13.1112766    
  -12.6936159    
  -12.1669731    
  -12.7722940    
  -13.2654667    
  -13.0483084    
  -12.6635475    
  -11.7930202    
  -12.7363091    
  -13.4130182    
  -13.2181406    
  -12.0448494    
  -12.5667448    
  -13.8469534    
  -13.2285023    
  -14.2796545    
  -14.4060497    
  -13.2652149    
  -13.8866005    
  -13.9164333    
  -13.5121965    
  -13.2837868    
  -13.4709949    
  -14.3685131    
  -13.8842392    
  -13.5689745    
  -13.6534281    
  -13.3218832    
  -13.6023960    
  -14.0663738    
  -14.6033459    
  -14.4192333    
  -13.9669914    
  -13.2350779    
  -13.3690090    
  -14.5865297    
  -13.6394911    
  -13.7766590    
  -14.0790997    
  -14.0231180    
  -13.8436728    
  -13.0153360    
  -13.3603773    
  -13.5726948    
  -12.9815760    
  -13.2107639    
  -13.1928959    
  -13.4747162    
  -13.4147625    
  -13.6871614    
  -14.1694994    
  -14.4363260    
  -13.8778839    
  -13.6151094    
  -13.4841166    
  -13.4711084    
  -13.7174501    
  -13.9665203    
  -13.7170067    
  -13.0396118    
  -13.5550957    
  -13.7486916    
  -13.5197105    
  -13.1596575    
  -13.7665052    
  -13.8043871    
  -13.8783007    
  -14.0306253    
  -14.1908703    
  -14.3144636    
  -13.8673439    
  -13.6957006    
  -13.1184006    
  -12.2745695    
  -12.3958101    
  -12.8366976    
  -13.2715025    
  -13.8164759    
  -13.2031784    
  -13.0196800    
  -13.5139122    
  -13.6117277    
  -13.8847208    
  -13.6472950    
  -13.5705853    
  -13.5300083    
  -13.5662556    
  -13.3504763    
  -13.5152636    
  -14.2837992    
  -13.7571907    
  -13.7467661    
  -12.8784723    
  -13.3756275    
  -13.5920601    
  -13.5156221    
  -12.4999590    
  -13.1461897    
  -13.6978540    
  -13.2259188    
  -13.7412786    
  -14.4857073    
  -14.0482168    
  -12.0569439    
  -13.0077648    
  -12.7323999    
  -14.0198631    
  -14.1106768    
  -14.3458099    
  -14.0872459    
  -14.3874407    
  -14.9523916    
  -14.8059540    
  -14.6238432    
  -14.6894855    
  -13.5550137    
  -13.6724033    
  -12.9244251    
  -13.0612173    
  -11.6033363    
  -11.9613476    
  -12.4051418    
  -12.0797653    
  -12.3632612    
  -12.1737251    
  -13.5554838    
  -13.3328142    
  -13.5141878    
  -12.2564316    
  -12.8001709    
  -12.6458216    
  -12.9110889    
  -13.3598671    
  -13.8022976    
  -13.5926924    
  -13.8047476    
  -13.8740797    
  -14.6641970    
  -13.1548328    
  -13.8740196    
  -13.5806026    
  -13.4297237    
  -13.7626858    
  -13.5244770    
  -13.8506823    
  -14.2527800    
  -13.7899504    
  -13.8034172    
  -13.2127867    
  -13.7897539    
  -13.9466400    
  -13.7606144    
  -13.1109171    
  -13.6370907    
  -13.5087366    
  -13.5317106    
  -13.5335369    
  -13.3656149    
  -12.6874037    
  -11.8040953    
  -13.7300816    
  -13.4071426    
  -13.1159229    
  -13.4435139    
  -13.2845774    
  -13.3702478    
  -13.3156528    
  -13.5075560    
  -13.2217388    
  -12.1394434    
  -12.8919582    
  -12.7237415    
  -13.4185295    
  -13.2606745    
  -14.3523598    
  -14.4421558    
  -14.1700878    
  -14.4395599    
  -14.3898983    
  -14.1864290    
  -14.4191313    
  -14.9069128    
  -14.7477007    
  -14.9506502    
  -14.7841387    
  -14.0730734    
  -13.7750692    
  -14.3804131    
  -13.0122833    
  -13.4238939    
  -13.6845961    
  -14.5414019    
  -14.8517780    
  -14.3400774    
  -13.9495220    
  -14.4288492    
  -14.1506510    
  -13.2380791    
  -11.6149807    
  -13.2604809    
  -13.7905846    
  -14.0494852    
  -14.2077322    
  -14.1407652    
  -13.4433441    
  -13.3073492    
  -14.0946341    
  -14.5636692    
  -14.8440390    
  -14.6362715    
  -14.6664486    
  -14.5199862    
  -13.9122353    
  -14.4497986    
  -13.4507093    
  -13.3582001    
  -13.9404564    
  -14.3872480    
  -14.1851673    
  -14.6273766    
  -14.7024736    
  -14.1310854    
  -14.6210670    
  -14.7723751    
  -14.9874620    
  -14.2632732    
  -14.2919083    
  -14.5155067    
  -14.1661701    
  -14.1781721    
  -13.8366280    
  -14.3717861    
  -12.6324501    
  -14.2931833    
  -13.8709154    
  -14.4619474    
  -14.6304712    
  -14.1326771    
  -14.3540649    
  -14.0314903    
  -14.3428764    
  -14.0620632    
  -14.1040440    
  -13.3809347    
  -13.2300529    
  -13.1802368    
  -12.8592768    
  -12.8058014    
  -11.9559336    
  -13.0929174    
  -13.0156555    
  -11.6393805    
  -11.8676462    
  -12.4113655    
  -12.8784485    
  -12.7256269    
  -12.6946802    
  -12.3573866    
  -13.2200441    
  -12.9843950    
  -12.3541031    
  -12.4514627    
  -11.8379459    
  -12.0032969    
  -13.6487913    
  -13.6236315    
  -12.8222609    
  -13.7880650    
  -12.8598385    
  -12.3379879    
  -12.6929140    
  -12.2072172    
  -12.8304510    
  -12.8434820    
  -12.1623659    
  -12.5141954    
  -12.9891939    
  -13.1740437    
  -13.3180904    
  -12.9540119    
  -12.7288208    
  -12.6209641    
  -13.4197407    
  -12.9444857    
  -13.6167879    
  -13.5708437    
  -13.0699711    
  -12.6832418    
  -12.3105240    
  -12.6280870    
  -12.4175291    
  -12.2965250    
  -11.8407993    
  -12.3700933    
  -11.8439808    
  -12.2527962    
  -12.5809422    
  -12.8497257    
  -12.8897934    
  -12.8162670    
  -12.6879492    
  -12.1418514    
  -12.8962231    
  -12.8424788    
  -12.8283129    
  -12.8973417    
  -12.9010868    
  -13.1036301    
  -12.8174438    
  -13.2280760    
  -12.7595978    
  -13.1940985    
  -13.6516132    
  -13.5576048    
  -13.7842789    
  -13.3973646    
  -12.5213108    
  -12.8375177    
  -12.4866552    
  -12.4196796    
  -13.0514183    
  -12.7570438    
  -12.2419367    
  -12.0838833    
  -13.1167517    
  -13.4473886    
  -13.8683844    
  -13.4574862    
  -13.4144211    
  -13.3362865    
  -13.8884459    
  -14.2911415    
  -14.3861494    
  -14.3696175    
  -14.3579187    
  -13.9340401    
  -13.4977350    
  -13.7452240    
  -13.6704683    
  -12.8954287    
  -12.3859949    
  -12.6204319    
  -12.6498690    
  -13.0462198    
  -13.1161060    
  -12.7960167    
  -13.7408266    
  -14.4593849    
  -14.2809296    
  -14.2652750    
  -14.5995474    
  -14.8829985    
  -15.2508011    
  -14.8067608    
  -14.1005449    
  -13.7785406    
  -12.0173483    
  -13.4451962    
  -14.2387304    
  -14.5750675    
  -15.0179224    
  -14.2587719    
  -13.9698267    
  -13.7305889    
  -13.4205046    
  -13.1198015    
  -13.7731724    
  -14.3970089    
  -14.4158411    
  -14.4220905    
  -13.7053699    
  -14.0440159    
  -13.9664526    
  -12.8934584    
  -13.1650019    
  -13.2238731    
  -12.3108130    
  -13.2065592    
  -13.4289341    
  -13.1178513    
  -10.7437983    
  -13.3520889    
  -12.9403152    
  -13.0849981    
  -13.6363115    
  -14.0747223    
  -13.7999411    
  -13.7231789    
  -13.7058449    
  -12.6579084    
  -13.3840818    
  -13.8472929    
  -13.1794624    
  -12.5374088    
  -13.4161129    
  -13.0150919    
  -14.0493069    
  -13.5724745    
  -13.6808319    
  -13.7499437    
  -13.8301077    
  -14.0026178    
  -14.1334829    
  -14.5582647    
  -14.5876551    
  -14.4516144    
  -14.3261557    
  -14.1127768    
  -14.1781406    
  -14.9972010    
  -14.7295427    
  -13.5452480    
  -13.2191048    
  -13.8753834    
  -13.8746681    
  -13.9565201    
  -13.0619965    
  -14.0047693    
  -14.2935829    
  -14.5832462    
  -14.0987740    
  -14.0103035    
  -14.9535332    
  -14.3820705    
  -14.3595200    
  -14.8349800    
  -14.3523321    
  -14.5845785    
  -14.1664867    
  -14.6010981    
  -14.2331686    
  -14.5277023    
  -13.8687878    
  -13.7688026    
  -14.1128216    
  -14.0306330    
  -12.9943981    
  -13.2875376    
  -13.4472427    
  -14.5024014    
  -14.1218805    
  -14.5467634    
  -15.0673285    
  -14.9670258    
  -14.3114090    
  -14.4812765    
  -14.3572788    
  -13.5841017    
  -12.7131767    
  -13.4925222    
  -13.0864210    
  -12.8344059    
  -13.3620481    
  -13.3929090    
  -13.3761520    
  -13.1752272    
  -13.3842278    
  -12.8978872    
  -13.0573616    
  -13.2142515    
  -13.6324196    
  -13.7137594    
  -13.7093239    
  -13.9042578    
  -14.0344934    
  -13.9621820    
  -14.0082836    
  -13.3511133    
  -13.0668831    
  -11.9243422    
  -13.3191175    
  -12.8777609    
  -13.0363331    
  -13.0726357    
  -12.8207340    
  -13.7487793    
  -13.7821026    
  -13.0012264    
  -13.3371096    
  -11.6217823    
  -11.9110737    
  -12.5069132    
  -12.5345507    
  -12.3939114    
  -12.4212484    
  -12.6432781    
  -12.6380787    
  -12.7025623    
  -13.2336521    
  -13.3901110    
  -13.4484138    
  -12.9611254    
  -13.1700134    
  -13.0829659    
  -13.3181257    
  -13.3720751    
  -13.6044121    
  -12.0664272    
  -12.4980650    
  -13.3110580    
  -13.1193600    
  -13.4311867    
  -13.4009962    
  -13.0717545    
  -13.1617336    
  -12.2974768    
  -13.6098824    
  -13.4492455    
  -12.6955547    
  -13.0468044    
  -13.2057152    
  -13.3587952    
  -12.3757381    
  -12.8385305    
  -13.9935331    
  -14.5835018    
  -14.4005260    
  -14.5067606    
  -13.7311487    
  -13.9723492    
  -13.9085045    
  -14.0657606    
  -14.0689068    
  -13.2781897    
  -13.5817480    
  -13.8437204    
  -13.4271336    
  -13.3532410    
  -13.7321253    
  -14.0459394    
  -14.0668383    
  -14.0003233    
  -13.3576870    
  -13.3084202    
  -13.3148298    
  -12.4875069    
  -12.0980587    
  -11.6184692    
  -12.4081392    
  -12.6965361    
  -12.1633959    
  -12.5473595    
  -11.8704319    
  -11.7671099    
  -12.2178164    
  -12.1962481    
  -12.7488422    
  -12.3841848    
  -12.4745464    
  -12.3953781    
  -12.0710278    
  -11.9437799    
  -11.4504013    
  -12.6288338    
  -12.4200039    
  -13.5450478    
  -14.0054617    
  -14.4278393    
  -13.8738670    
  -14.6281443    
  -14.3779325    
  -14.7719526    
  -14.2196102    
  -14.3188639    
  -13.2318859    
  -14.0455942    
  -13.5322151    
  -13.0894308    
  -13.0876131    
  -10.9021187    
  -12.0004272    
  -12.9521179    
  -12.5981655    
  -13.0929432    
  -13.2784672    
  -12.6024981    
  -13.4877806    
  -13.8029242    
  -13.6738510    
  -13.7358456    
  -13.8948851    
  -14.0494967    
  -13.9459753    
  -14.3144960    
  -13.6586866    
  -13.5516281    
  -14.1328239    
  -14.3349733    
  -13.6269531    
  -13.7619629    
  -14.4870653    
  -14.2945194    
  -14.4777527    
  -13.5081520    
  -14.3190136    
  -14.0005875    
  -13.7640610    
  -14.1116629    
  -13.7346163    
  -13.7210197    
  -13.3460369    
  -12.4322701    
  -13.4846478    
  -14.3989172    
  -14.4252462    
  -15.0604353    
  -14.7205210    
  -15.0628653    
  -14.0310745    
  -13.7536297    
  -13.8314829    
  -13.6143827    
  -13.6118345    
  -13.4879894    
  -13.6419945    
  -14.8004751    
  -14.7277517    
  -14.7374744    
  -15.0740023    
  -14.9597816    
  -15.2030334    
  -14.9829559    
  -14.9221201    
  -13.8450661    
  -14.0709114    
  -14.7988062    
  -13.7205982    
  -13.4831238    
  -13.6746025    
  -14.4473820    
  -14.4014778    
  -15.4621382    
  -14.9905605    
  -14.8359966    
  -15.3591356    
  -15.1997080    
  -15.6078138    
  -15.5346689    
  -14.9056282    
  -14.5907555    
  -14.4908257    
  -14.0026407    
  -14.3047476    
  -14.3208370    
  -14.4661388    
  -14.7712307    
  -14.8603525    
  -14.9008236    
  -14.8769455    
  -15.0030193    
  -14.9817600    
  -15.2013130    
  -15.6322193    
  -15.3305407    
  -14.9292402    
  -14.5334387    
  -15.0628519    
  -14.7202787    
  -14.8098173    
  -14.7601175    
  -15.0457869    
  -15.3158045    
  -15.1493149    
  -15.4778767    
  -14.2555275    
  -14.4294786    
  -15.2989635    
  -14.6378098    
  -13.5195122    
  -12.8467827    
  -14.7788897    
  -15.0077562    
  -15.3940802    
  -15.8425512    
  -15.8750973    
  -15.1294575    
  -15.4538355    
  -15.8339281    
  -15.7261524    
  -15.2598972    
  -15.1052017    
  -15.4156570    
  -14.9733257    
  -13.3449059    
  -13.7167740    
  -14.5089216    
  -15.1498384    
  -14.8514042    
  -14.2059326    
  -15.4448261    
  -15.5910501    
  -14.9316263    
  -14.9845791    
  -15.2463284    
  -14.7623062    
  -14.8802805    
  -15.3262405    
  -15.0968933    
  -14.6904001    
  -15.0262518    
  -15.3075190    
  -14.5766373    
  -15.5154619    
  -14.9353914    
  -14.7240334    
  -14.5871248    
  -14.2553043    
  -14.1597004    
  -13.4034414    
  -14.5988131    
  -15.4604301    
  -15.6907940    
  -15.9588823    
  -16.1768475    
  -16.2215748    
  -15.7733402    
  -15.9058180    
  -16.1300621    
  -15.9010677    
  -15.8848963    
  -15.4675875    
  -14.7084208    
  -13.8167162    
  -14.2670422    
  -13.1643133    
  -13.8122673    
  -13.2349815    
  -13.4039259    
  -13.6136456    
  -12.7856445    
  -13.0525246    
  -14.1225634    
  -13.3068743    
  -13.5658426    
  -13.2143183    
  -13.6047478    
  -14.3412704    
  -14.6819353    
  -14.6013660    
  -13.9465485    
  -12.5551462    
  -13.4450865    
  -12.4589291    
  -12.3068323    
  -12.8167925    
  -13.0900393    
  -13.5757313    
  -13.7438660    
  -12.0802584    
  -12.2947140    
  -12.7520370    
  -12.7310972    
  -12.3017454    
  -12.4605370    
  -13.6289253    
  -13.8340683    
  -13.9623890    
  -13.3197498    
  -13.7245579    
  -13.7852869    
  -13.3830748    
  -13.5620041    
  -13.6218319    
  -14.0477448    
  -14.3777399    
  -14.1713390    
  -14.3778896    
  -14.0255070    
  -14.4370136    
  -14.3496218    
  -14.2702198    
  -13.4906178    
  -12.6759996    
  -13.0959864    
  -13.4394035    
  -12.7318277    
  -13.5023365    
  -13.3343077    
  -13.1357841    
  -13.4826689    
  -13.3276157    
  -13.3477478    
  -13.7597446    
  -14.3657465    
  -14.1502314    
  -14.4144173    
  -14.2239113    
  -14.4505472    
  -14.2963572    
  -14.3148432    
  -13.6760836    
  -14.3177338    
  -14.1560783    
  -14.3282156    
  -14.0169401    
  -13.8196459    
  -14.6266203    
  -14.6137285    
  -14.3680658    
  -14.4302301    
  -14.4718523    
  -15.2066851    
  -15.1219950    
  -14.3451633    
  -14.3079510    
  -14.5556498    
  -14.1657915    
  -14.5193129    
  -14.5734482    
  -14.4846764    
  -14.8729620    
  -13.8299446    
  -13.8092537    
  -13.3069582    
  -13.4176264    
  -14.0808249    
  -13.9088688    
  -13.8643103    
  -13.8517771    
  -13.8526964    
  -14.0981197    
  -14.3238478    
  -14.3602600    
  -13.8370552    
  -13.9352016    
  -14.1236372    
  -14.6059122    
  -14.7871380    
  -13.7344398    
  -14.0057287    
  -14.4493837    
  -14.4507580    
  -14.3294315    
  -14.1531048    
  -14.3637228    
  -12.7642469    
  -13.1804132    
  -12.5989990    
  -13.3938742    
  -13.2328444    
  -13.7846279    
  -13.3627958    
  -12.3385296    
  -13.2480860    
  -13.7005768    
  -14.2040787    
  -13.5937357    
  -14.0213108    
  -14.4252853    
  -15.0661163    
  -13.8303528    
  -13.6076088    
  -13.5096798    
  -13.3586578    
  -13.6520329    
  -13.7421265    
  -13.5324154    
  -13.5677576    
  -13.1444635    
  -13.3953228    
  -13.1898146    
  -13.5513020    
  -13.2131395    
  -13.2295980    
  -12.6584997    
  -12.7944345    
  -12.6850138    
  -11.9827118    
  -12.4851837    
  -13.2974758    
  -13.4513559    
  -12.9568291    
  -13.3897190    
  -12.7761631    
  -11.7114782    
  -12.2362518    
  -12.4055452    
  -13.1328688    
  -12.8753271    
  -12.3805132    
  -12.5817709    
  -12.7801886    
  -12.8176794    
  -13.1717787    
  -14.2703781    
  -14.3686008    
  -14.0110483    
  -14.0834513    
  -13.0247746    
  -12.8786659    
  -12.9577894    
  -12.1601915    
  -12.5351830    
  -12.6118507    
  -12.8640347    
  -13.0207758    
  -12.9462328    
  -12.9737406    
  -12.7885246    
  -12.9108791    
  -13.2519903    
  -13.4515982    
  -13.4853868    
  -13.2169552    
  -13.3374844    
  -13.4896879    
  -13.8085337    
  -13.4432592    
  -13.2568808    
  -13.0116186    
  -13.0235767    
  -12.6256886    
  -12.7171736    
  -12.9139462    
  -12.9070768    
  -12.3767252    
  -13.1650095    
  -13.6920290    
  -13.4206324    
  -13.4204245    
  -12.7622776    
  -12.4659901    
  -12.5528250    
  -13.2459497    
  -11.6492138    
  -12.2011356    
  -11.8758125    
  -12.2473412    
  -12.5176687    
  -11.9823170    
  -12.2530746    
  -12.2331047    
  -11.9283724    
  -11.1768703    
  -12.4111242    
  -11.8119516    
  -10.9912529    
  -11.5838823    
  -12.2468977    
  -12.7308083    
  -13.1803627    
  -12.7683811    
  -12.3117390    
  -11.5932169    
  -13.2322674    
  -13.0454493    
  -13.4045115    
  -13.2239771    
  -12.8406591    
  -12.5425606    
  -12.6854210    
  -12.7989044    
  -13.2790155    
  -13.4543629    
  -13.0823870    
  -13.2646351    
  -13.9719515    
  -13.8630066    
  -14.2155342    
  -13.6149082    
  -12.2004576    
  -12.8512192    
  -14.1832066    
  -14.2351704    
  -14.6187391    
  -14.4619884    
  -14.0966358    
  -14.1311827    
  -14.2296581    
  -13.2488270    
  -13.2485886    
  -13.6688881    
  -14.1684189    
  -14.2648411    
  -13.7944393    
  -13.4813423    
  -13.0099001    
  -13.0348148    
  -12.5449533    
  -13.0647240    
  -13.6330376    
  -13.2579994    
  -12.9130268    
  -12.9884567    
  -14.3631039    
  -14.9392023    
  -14.5071840    
  -14.4912920    
  -14.8030052    
  -14.7992449    
  -13.9501438    
  -14.0312042    
  -14.2891550    
  -13.9907570    
  -13.2023983    
  -13.1830921    
  -12.8858814    
  -12.5402956    
  -12.3388977    
  -13.0746555    
  -12.2136173    
  -12.0191612    
  -12.4711885    
  -12.1532373    
  -12.2761307    
  -12.5156364    
  -11.9911880    
  -11.4879084    
  -12.7929640    
  -12.7792044    
  -12.9246731    
  -12.9032001    
  -13.2446880    
  -13.2798624    
  -13.2346783    
  -13.1501141    
  -13.1607294    
  -13.2746983    
  -13.2240696    
  -13.5077143    
  -13.7789831    
  -13.8664141    
  -14.5775919    
  -13.3871365    
  -13.4283314    
  -13.8529549    
  -13.5543041    
  -13.3664131    
  -13.3735962    
  -13.7566938    
  -13.6626883    
  -13.6225853    
  -14.0824814    
  -14.0725164    
