   35.8464546    
   34.2659874    
   34.2887840    
   29.4653435    
   27.3622818    
   25.6389828    
   25.7295303    
   22.9863548    
   22.5545464    
   22.6272411    
   21.3173847    
   21.6042042    
   21.2677383    
   21.5429916    
   21.9510784    
   21.7032223    
   21.8120975    
   20.4673977    
   20.4993458    
   19.8074608    
   19.3818398    
   19.6747379    
   19.6625690    
   18.7581367    
   18.7581367    
   17.2846184    
   17.2387218    
   16.5776577    
   16.5776577    
   16.4272575    
   16.0930061    
   15.5657148    
   14.8526220    
   15.0628166    
   15.4550476    
   15.5024605    
   16.0260334    
   16.3170185    
   15.8543911    
   15.8346310    
   16.3058205    
   14.9399223    
   12.1409349    
   12.1441078    
   12.1842690    
   11.9442387    
   12.6519270    
   10.4438667    
   10.3486509    
   10.0522623    
   10.0256662    
   9.82398891    
   7.44075298    
   7.20818233    
   7.00107193    
   6.70634079    
   7.22680283    
   7.69265079    
   8.77668476    
   9.19929218    
   9.29197025    
   7.62410259    
   7.14582491    
   7.21481180    
   7.35068560    
   7.30168343    
   7.39902020    
   5.82777023    
   5.37856722    
   5.60772562    
   4.34824419    
   4.14183664    
   4.59432125    
   3.86827993    
   3.72283792    
   1.42856026    
   1.74764347    
   3.54572558    
   3.56556487    
   2.00526714    
  -1.14368320    
  -1.46423602    
  -1.44459820    
  -2.35255766    
  -2.74019337    
  -2.41745043    
  -2.68321586    
  -2.02992630    
  -1.86616302    
  -3.43027210    
  -3.46144056    
  -2.83417797    
  -3.76491141    
  -4.81539059    
  -4.37425709    
  -3.99421406    
  -2.72201562    
  -1.72688031    
  -2.35996342    
  -2.70293188    
  -4.11093903    
  -3.45867252    
  -1.95485497    
  -1.81533384    
  -3.10100079    
  -2.89583230    
  -3.44389772    
  -5.92662621    
  -6.19137001    
  -7.05374146    
  -6.96550751    
  -6.88498497    
  -7.88448620    
  -8.91699791    
  -9.56944275    
  -9.66448593    
  -9.73073578    
  -10.9166336    
  -10.7555017    
  -9.24077511    
  -11.2216730    
  -11.1631775    
  -11.1923923    
  -10.2809429    
  -10.2406654    
  -10.8374405    
  -10.8581076    
  -10.7713833    
  -10.7363186    
  -10.4089527    
  -10.2624578    
  -10.6729879    
  -11.8881149    
  -11.6247768    
  -12.1296139    
  -11.9555550    
  -12.0306797    
  -11.8977013    
  -11.9381123    
  -11.8418064    
  -11.6223373    
  -11.9248753    
  -11.4154062    
  -10.9948759    
  -10.4088345    
  -11.1108551    
  -10.7408781    
  -10.9188280    
  -11.9319572    
  -12.1456089    
  -12.7162571    
  -12.6913118    
  -11.7936792    
  -11.4662247    
  -11.3435259    
  -10.9122505    
  -10.9731865    
  -11.0304546    
  -11.0274067    
  -11.0661402    
  -11.2272978    
  -11.5463734    
  -11.6057806    
  -12.1511641    
  -11.4911499    
  -10.8429155    
  -11.0162573    
  -11.5970945    
  -11.0014887    
  -10.5503283    
  -11.0878735    
  -11.3810778    
  -11.5635786    
  -11.6163464    
  -11.8192720    
  -12.0910263    
  -11.7145329    
  -12.6545429    
  -12.1632586    
  -12.3683290    
  -12.8472004    
  -13.3552866    
  -13.4866447    
  -13.6365795    
  -13.5558882    
  -13.0596485    
  -13.3980837    
  -13.4331026    
  -14.2410870    
  -14.1832628    
  -13.6671619    
  -12.8233452    
  -13.4875832    
  -12.8630800    
  -13.2321644    
  -12.7919197    
  -13.1309557    
  -13.6063108    
  -13.4085026    
  -13.2494946    
  -14.0144911    
  -13.9592867    
  -13.9898806    
  -14.6502295    
  -14.3622522    
  -13.6969252    
  -14.0057688    
  -12.6338587    
  -13.3130989    
  -13.1469173    
  -13.8668613    
  -13.7342453    
  -12.9885426    
  -13.0630484    
  -15.4925928    
  -15.4946499    
  -15.9103661    
  -16.1359348    
  -15.6282015    
  -14.7547531    
  -15.3499727    
  -15.5187950    
  -15.3212948    
  -14.4653597    
  -15.2371664    
  -14.3726053    
  -14.2412310    
  -14.5845661    
  -13.9884949    
  -15.3008318    
  -16.0083065    
  -15.6358995    
  -15.3418884    
  -15.5398788    
  -15.7230968    
  -16.1218204    
  -15.9893608    
  -15.6132030    
  -14.6935654    
  -15.1935492    
  -14.9286518    
  -14.5055828    
  -14.6032553    
  -15.0086851    
  -15.0771866    
  -15.2053623    
  -15.0263405    
  -14.4167013    
  -14.7339392    
  -16.0252476    
  -16.1397438    
  -16.2090111    
  -16.0143337    
  -14.7684536    
  -14.8075600    
  -14.9128294    
  -15.2428102    
  -15.6159811    
  -15.5901098    
  -15.0274687    
  -15.3356714    
  -15.2836628    
  -14.9110556    
  -14.3364477    
  -13.6041689    
  -13.1659899    
  -13.5042191    
  -14.8999996    
  -14.8863964    
  -15.4222269    
  -14.7222233    
  -15.3473701    
  -16.0573158    
  -16.8276024    
  -16.6291256    
  -16.5611744    
  -16.4022636    
  -15.7398605    
  -15.7923107    
  -15.9122381    
  -16.1861515    
  -16.3760872    
  -16.0335407    
  -15.8691759    
  -16.3876076    
  -16.1458893    
  -16.0356979    
  -15.9534130    
  -16.1866150    
  -16.1435947    
  -15.2272987    
  -14.8914595    
  -15.0751991    
  -16.4431229    
  -16.7496891    
  -16.7253456    
  -16.4183674    
  -16.0784988    
  -14.5860500    
  -14.7247305    
  -14.5034189    
  -13.8321600    
  -16.4355259    
  -15.9894047    
  -15.8508949    
  -15.5882683    
  -15.0819998    
  -15.0895920    
  -15.1517830    
  -15.7466583    
  -15.3199730    
  -15.3966255    
  -15.0729256    
  -15.3165646    
  -15.3512506    
  -15.4271049    
  -15.3971128    
  -15.4540606    
  -14.6834135    
  -14.8878145    
  -15.3109417    
  -15.5340843    
  -15.7803383    
  -15.6092224    
  -15.2707367    
  -15.1534395    
  -16.0275593    
  -15.9029007    
  -15.9187012    
  -15.2794752    
  -15.2683554    
  -14.5204220    
  -14.4055996    
  -15.1197701    
  -14.7603893    
  -15.1058788    
  -14.7455759    
  -14.8049679    
  -14.8556185    
  -14.6468620    
  -14.4624338    
  -14.4699326    
  -14.9784098    
  -14.5593576    
  -14.4450245    
  -15.1363506    
  -14.9575262    
  -15.4328794    
  -14.7534752    
  -14.4746399    
  -14.3581619    
  -14.3556042    
  -14.6362000    
  -15.0518894    
  -15.0349331    
  -14.8514709    
  -14.9664211    
  -14.9022551    
  -15.7242098    
  -14.9393740    
  -15.7825489    
  -16.2495956    
  -16.3676834    
  -16.3015385    
  -16.4492073    
  -16.4431496    
  -16.5493164    
  -15.8885670    
  -15.1618710    
  -15.0615244    
  -15.7233925    
  -16.2848206    
  -16.2732449    
  -16.3579769    
  -15.1875658    
  -13.9923925    
  -14.1913891    
  -13.1819153    
  -13.3246384    
  -14.2377434    
  -14.8859348    
  -15.1525326    
  -15.7113457    
  -14.4292736    
  -14.6536741    
  -15.2812977    
  -15.1493292    
  -14.8090897    
  -15.0229225    
  -14.7777328    
  -15.2497520    
  -15.0117760    
  -14.8968668    
  -14.9480305    
  -15.1231060    
  -15.1189880    
  -15.3844948    
  -15.5226545    
  -15.6386690    
  -15.5179968    
  -15.8813810    
  -16.2084007    
  -15.6104937    
  -15.4430799    
  -15.9633446    
  -15.5241280    
  -15.1545753    
  -15.7766380    
  -15.5007830    
  -15.9033594    
  -15.7326984    
  -16.1270180    
  -15.6589069    
  -15.8348818    
  -16.0227909    
  -16.4843693    
  -16.5569878    
  -16.0630341    
  -16.2734985    
  -15.9988585    
  -15.7429905    
  -15.5762091    
  -16.1813583    
  -16.0749722    
  -15.4326601    
  -16.0653343    
  -16.0850811    
  -15.7260313    
  -15.8061991    
  -15.8018694    
  -15.8533888    
  -16.1824493    
  -15.3391953    
  -16.2839432    
  -15.8693457    
  -13.6345425    
  -14.3151407    
  -14.6275225    
  -15.0981636    
  -16.3635101    
  -16.3993111    
  -16.1871300    
  -15.5901461    
  -16.2168999    
  -16.0436039    
  -16.2020893    
  -15.8471804    
  -15.3434010    
  -16.4104118    
  -16.2352600    
  -16.4582367    
  -16.8422108    
  -16.8611259    
  -16.7575302    
  -16.4382782    
  -16.4058418    
  -16.4366665    
  -15.4222670    
  -15.1412230    
  -15.6789770    
  -15.8245173    
  -16.1393166    
  -15.7941446    
  -15.4737549    
  -15.1433058    
  -15.3549595    
  -15.5634327    
  -14.9858131    
  -15.5316525    
  -15.0914841    
  -14.8490391    
  -14.6812487    
  -14.2523842    
  -13.6610088    
  -15.0772219    
  -15.1946106    
  -15.7882605    
  -15.9331465    
  -15.9061527    
  -15.8415785    
  -15.7976055    
  -15.9644976    
  -15.9925261    
  -16.1615620    
  -15.6137333    
  -16.2168961    
  -15.9632511    
  -15.6528101    
  -16.2672539    
  -15.5544214    
  -15.7180996    
  -16.2954025    
  -16.0083103    
  -16.2023907    
  -16.0509262    
  -15.4353724    
  -15.5536118    
  -16.3087158    
  -16.5885696    
  -15.9087143    
  -16.1794128    
  -16.6846008    
  -16.4141617    
  -16.0870495    
  -16.7739944    
  -16.6650143    
  -16.0085926    
  -16.0960503    
  -15.1942759    
  -15.1858873    
  -15.2437944    
  -15.7172670    
  -15.9295063    
  -15.5268393    
  -15.1745462    
  -15.0174513    
  -14.4803829    
  -14.9081469    
  -15.5195532    
  -15.4396744    
  -15.0778008    
  -15.3467636    
  -14.8268995    
  -14.1432724    
  -14.3042603    
  -14.6091471    
  -15.0897989    
  -14.9209385    
  -14.5075388    
  -15.0822992    
  -14.3331480    
  -14.3307467    
  -15.3508406    
  -15.6418524    
  -15.6511974    
  -15.8081598    
  -16.5348568    
  -15.8492041    
  -16.1295834    
  -14.4344683    
  -16.1672859    
  -16.3504505    
  -16.3349800    
  -16.3606567    
  -16.3564816    
  -16.3414993    
  -16.0836411    
  -14.5529985    
  -14.5732784    
  -14.5873680    
  -15.1368208    
  -15.3789911    
  -15.4997807    
  -15.3504429    
  -14.4323845    
  -14.1986694    
  -13.0905657    
  -12.8479309    
  -13.4789352    
  -13.9912958    
  -15.4721603    
  -15.4054174    
  -15.1798286    
  -15.4531698    
  -15.5188589    
  -15.6052999    
  -16.3423386    
  -15.9113340    
  -15.7297039    
  -16.5116234    
  -16.6064682    
  -16.3790741    
  -15.2717714    
  -13.9433155    
  -14.3726339    
  -14.0370321    
  -14.1238279    
  -14.4633055    
  -15.0391960    
  -13.1698923    
  -14.6970959    
  -14.6598244    
  -13.2067146    
  -13.6092491    
  -13.0236988    
  -13.5364666    
  -13.9093809    
  -14.3712616    
  -14.2902699    
  -14.8581381    
  -14.8568134    
  -14.5702200    
  -15.2486362    
  -14.5309143    
  -14.7273512    
  -15.1098232    
  -14.5344152    
  -14.1701508    
  -14.6361170    
  -14.9364691    
  -14.8608303    
  -14.8038416    
  -15.1749010    
  -16.0039024    
  -16.0770569    
  -15.8380089    
  -15.3459625    
  -15.8900347    
  -15.9167528    
  -15.3863020    
  -15.2910061    
  -15.2145252    
  -14.7230930    
  -14.5999680    
  -14.6867819    
  -15.0489798    
  -15.0318336    
  -13.5639830    
  -13.3965282    
  -13.6519842    
  -14.2980051    
  -15.5004110    
  -15.3379030    
  -15.2455101    
  -15.7919397    
  -15.6163416    
  -14.8845491    
  -15.3890810    
  -15.4368467    
  -13.7460699    
  -13.5915947    
  -14.1414299    
  -14.3983088    
  -14.5868521    
  -13.8973389    
  -14.8328238    
  -14.4462099    
  -14.6992226    
  -13.7413483    
  -13.9329109    
  -15.0695791    
  -13.8472195    
  -14.0970535    
  -14.2349873    
  -15.3256712    
  -15.3800583    
  -14.9103355    
  -15.8865585    
  -15.6362581    
  -15.7535706    
  -14.6637278    
  -15.3531294    
  -15.1968203    
  -14.7150965    
  -14.7919054    
  -15.7575779    
  -16.4256973    
  -16.3636360    
  -16.1443729    
  -15.9715300    
  -15.5677671    
  -15.5039091    
  -15.1585903    
  -14.6964188    
  -15.6872215    
  -15.6814804    
  -15.3955736    
  -14.9942684    
  -15.1014557    
  -14.6789808    
  -15.0585194    
  -14.6077757    
  -14.8356524    
  -14.8796988    
  -14.5311499    
  -14.1655397    
  -14.6997128    
  -15.2293177    
  -14.9080811    
  -15.6019421    
  -15.0768394    
  -16.0029678    
  -16.2419033    
  -15.8945417    
  -15.0064354    
  -14.9842348    
  -15.2237082    
  -15.1286821    
  -15.0553322    
  -15.0377131    
  -14.5012245    
  -14.0142765    
  -15.3963366    
  -15.5430326    
  -15.6712027    
  -15.8451653    
  -16.1285343    
  -15.8561430    
  -15.7758770    
  -14.8152733    
  -15.6879940    
  -15.3050108    
  -15.7030554    
  -15.7570677    
  -15.5953398    
  -15.7810555    
  -15.6245718    
  -15.5995321    
  -15.7504482    
  -14.9299707    
  -16.2018795    
  -16.0713444    
  -15.8839388    
  -16.2976017    
  -16.3398991    
  -16.1467724    
  -16.1624565    
  -16.2227345    
  -16.3349781    
  -16.1611996    
  -16.0104084    
  -16.2679615    
  -16.0716362    
  -15.6801176    
  -15.9961214    
  -15.9645147    
  -15.7444696    
  -15.3932524    
  -15.4685640    
  -14.7815800    
  -14.8706942    
  -14.9213972    
  -14.8101759    
  -13.8857679    
  -13.9132471    
  -14.1775780    
  -13.4237604    
  -14.6311302    
  -14.2041464    
  -13.9369946    
  -14.6015587    
  -14.9822273    
  -14.9480495    
  -13.8577061    
  -13.7928448    
  -13.5205545    
  -13.2112675    
  -14.2756462    
  -14.3994350    
  -15.0543289    
  -14.8227921    
  -14.9220457    
  -14.0391283    
  -14.6490765    
  -14.3028679    
  -14.4201479    
  -14.6478491    
  -14.8277721    
  -15.3741751    
  -14.6719332    
  -15.2292471    
  -14.7472544    
  -14.8872519    
  -15.0586586    
  -14.3581266    
  -14.2340946    
  -14.3342695    
  -13.8543253    
  -14.4705820    
  -13.8023024    
  -14.0517864    
  -13.9043493    
  -14.1354256    
  -13.8886957    
  -13.7701321    
  -13.8986340    
  -13.3828049    
  -13.4591961    
  -13.5295238    
  -13.4281845    
  -13.1126175    
  -13.4067774    
  -13.3066854    
  -13.2251930    
  -14.0739069    
  -14.3984137    
  -14.2743473    
  -14.4216232    
  -14.4218397    
  -14.4615841    
  -14.9416685    
  -15.3756866    
  -15.3043118    
  -15.6088448    
  -15.1808701    
  -14.1893997    
  -15.1093245    
  -15.2548285    
  -15.0879879    
  -15.0615568    
  -15.0498209    
  -15.0119791    
  -15.0495272    
  -14.7495413    
  -14.3809710    
  -14.3583708    
  -14.1501322    
  -13.7866364    
  -14.2712107    
  -14.1802149    
  -13.4105434    
  -14.7743883    
  -15.2820740    
  -15.3815603    
  -15.1028996    
  -15.4684963    
  -14.2193222    
  -14.9191380    
  -15.9345942    
  -15.7867041    
  -15.7774916    
  -15.8978653    
  -16.2876530    
  -16.0148983    
  -14.1091337    
  -15.8142719    
  -16.7712460    
  -16.0691967    
  -17.0007133    
  -17.1795082    
  -17.0977058    
  -16.8496304    
  -16.9481964    
  -16.7200603    
  -16.7776737    
  -16.4364910    
  -16.6167965    
  -16.8026676    
  -16.8920689    
  -16.4698009    
  -16.6064034    
  -16.6018772    
  -16.7651882    
  -16.3037834    
  -16.2313347    
  -15.0419579    
  -16.9150257    
  -16.9136105    
  -17.1432133    
  -17.1120319    
  -16.5873890    
  -15.8590050    
  -15.7062397    
  -15.3997822    
  -14.9910927    
  -14.4245701    
  -15.0504599    
  -15.0289240    
  -14.9665947    
  -14.3655996    
  -15.2950697    
  -16.3202114    
  -16.2298584    
  -15.8011684    
  -16.1040649    
  -15.8259468    
  -16.3303146    
  -16.2660809    
  -16.1442528    
  -16.5315533    
  -15.4387980    
  -15.4992599    
  -15.6334267    
  -15.8746147    
  -15.5009222    
  -15.7736549    
  -14.7987032    
  -15.8084068    
  -16.3213425    
  -16.1043034    
  -15.5206385    
  -15.5491467    
  -15.7825842    
  -15.4777460    
  -15.6188040    
  -15.4766531    
  -14.9749212    
  -15.4988556    
  -15.1793289    
  -15.6829844    
  -14.6725073    
  -14.6230545    
  -14.9668512    
  -15.2680702    
  -15.0839367    
  -15.1937332    
  -15.3309679    
  -15.0781565    
  -15.5917282    
  -15.5090933    
  -14.3895483    
  -15.0056667    
  -14.9488621    
  -14.9264755    
  -15.2517004    
  -14.7558966    
  -15.3147821    
  -15.2671347    
  -16.1533489    
  -15.5731049    
  -15.7034473    
  -15.6991167    
  -15.9898911    
  -15.7890034    
  -16.0278168    
  -16.1255493    
  -16.2839108    
  -15.8122225    
  -15.7599669    
  -15.4765615    
  -14.7808809    
  -13.5230093    
  -13.5212202    
  -14.2110548    
  -14.2204008    
  -14.1130857    
  -13.7780304    
  -13.6716537    
  -13.1630573    
  -14.6062603    
  -14.0005531    
  -13.7762337    
  -13.7367039    
  -14.1864681    
  -15.4291382    
  -16.2613659    
  -15.3113289    
  -14.7303915    
  -14.6851110    
  -15.7561693    
  -15.9176683    
  -15.9523382    
  -15.8133955    
  -15.3667011    
  -14.8465157    
  -14.8103695    
  -14.3914766    
  -13.8939619    
  -13.3849134    
  -13.4617310    
  -12.6186523    
  -13.1602135    
  -13.3621063    
  -13.1964035    
  -13.6959162    
  -14.1726284    
  -13.5565691    
  -13.5917387    
  -13.8957529    
  -14.0792551    
  -14.2245169    
  -14.2724218    
  -13.7408667    
  -13.2770061    
  -13.2472124    
  -13.2763309    
  -13.6774883    
  -13.8344135    
  -13.6720972    
  -14.4549809    
  -15.0029554    
  -15.5082483    
  -15.2681093    
  -15.4080124    
  -15.2242069    
  -14.8526106    
  -14.2242804    
  -14.8256845    
  -14.8247261    
  -14.3192396    
  -14.5483732    
  -14.6944504    
  -15.1095810    
  -14.7265224    
  -15.4582214    
  -15.7639351    
  -16.4970760    
  -15.5879078    
  -16.0774879    
  -16.2186413    
  -16.2785206    
  -15.6022549    
  -15.8979053    
  -15.1221104    
  -15.7962465    
  -15.9955997    
  -15.2411280    
  -15.8705549    
  -15.4492550    
  -15.7159653    
  -15.8979216    
  -16.4591675    
  -16.2278080    
  -16.1037998    
  -15.0446968    
  -16.1728153    
  -16.4196415    
  -15.7863541    
  -15.6929474    
  -14.9943495    
  -14.8707895    
  -15.5223179    
  -15.6666517    
  -15.4985266    
  -15.7473831    
  -15.6474237    
  -14.8864870    
  -14.9940557    
  -15.2463093    
  -15.9221420    
  -15.5708542    
  -15.9538231    
  -15.1169062    
  -15.8082638    
  -15.6394997    
  -15.5059242    
  -15.7746840    
  -15.6740923    
  -15.2788944    
  -15.8017864    
  -15.9700832    
  -15.1783199    
  -15.4574175    
  -15.8388624    
  -16.1763573    
  -16.2176094    
  -16.2657471    
  -15.9226513    
  -16.4472523    
  -15.9965868    
  -16.0399551    
  -16.0033417    
  -15.4965067    
  -15.2615566    
  -15.3088522    
  -15.2097645    
  -14.8750715    
  -15.2156010    
  -14.9114981    
  -14.4242439    
  -14.5437603    
  -14.8118305    
  -15.0837955    
  -14.7719831    
  -15.2247820    
  -15.3363371    
  -15.6377096    
  -15.8577051    
  -15.7321558    
  -15.3549480    
  -15.1618528    
  -15.2835789    
  -15.3353786    
  -15.3969269    
  -15.3677206    
  -15.8626451    
  -16.1097279    
  -16.3431454    
  -16.0930099    
  -15.3583450    
  -14.8840389    
  -15.7214870    
  -15.7962780    
  -15.0731106    
  -14.6068935    
  -15.5097132    
  -14.9977036    
  -15.2501078    
  -15.5748920    
  -15.6849899    
  -15.2107258    
  -15.0823936    
  -14.7694435    
  -15.2410517    
  -14.9820576    
  -14.8503065    
  -15.2147627    
  -15.1833982    
  -15.9251623    
  -16.1682720    
  -15.2652550    
  -14.6911678    
  -14.5082550    
  -14.8345356    
  -15.2581120    
  -15.5441017    
  -15.5500927    
  -14.0915546    
  -13.6559401    
  -14.8815804    
  -15.5436659    
  -16.2368565    
  -16.7233639    
  -16.3936520    
  -14.0952749    
  -15.0868597    
  -14.8495989    
  -14.8305969    
  -15.7507706    
  -15.7459497    
  -15.0271673    
  -15.3679838    
  -15.6100435    
  -15.6059933    
  -14.5015602    
  -14.5783253    
  -15.2808838    
  -15.7523251    
  -15.7617388    
  -15.9275866    
  -15.9787550    
  -15.3194818    
  -15.7731781    
  -15.5913000    
  -15.0514498    
  -15.9250889    
  -16.0382271    
  -15.8768272    
  -16.2559738    
  -15.5976000    
  -15.4568224    
  -15.8237200    
  -15.3425598    
  -16.2767181    
  -16.5812168    
  -16.1383038    
  -16.4187412    
  -16.2433567    
  -16.1316204    
  -16.7212524    
  -16.5621948    
  -16.4105778    
  -15.4545650    
  -15.4443769    
  -15.6272707    
  -15.5122871    
  -15.7820816    
  -15.8299408    
  -15.0725117    
  -15.3081989    
  -15.1556559    
  -14.6852722    
  -15.5607271    
  -16.0141754    
  -15.9728718    
  -15.6369181    
  -15.2882996    
  -15.2753143    
  -14.3932133    
  -14.5075111    
  -16.2502728    
  -16.0953236    
  -15.7556057    
  -15.7685070    
  -16.1527405    
  -16.0827160    
  -16.2088814    
  -14.9557972    
  -16.4611778    
  -16.5829887    
  -16.7119923    
  -16.5491924    
  -16.6775608    
  -16.5209465    
  -15.5669775    
  -15.2459669    
  -15.9744024    
  -15.7693911    
  -15.5541563    
  -15.9350567    
  -15.9098997    
  -15.4397354    
  -15.7215633    
  -15.4295168    
  -15.9727964    
  -15.7103996    
  -14.8133593    
  -15.8123722    
  -15.7413273    
  -16.0079651    
  -15.9920177    
  -15.9585876    
  -16.3645840    
  -16.4733658    
  -16.4423161    
  -15.9320898    
  -15.8798552    
  -15.5420713    
  -14.5103598    
  -14.0180330    
  -14.4458590    
  -14.7426424    
  -15.0899267    
  -15.7553139    
  -15.2691488    
  -13.0437164    
  -13.8049297    
  -14.9533882    
  -15.6529760    
  -15.5554237    
  -15.6038609    
  -16.2195301    
  -16.6463547    
  -16.6339149    
  -16.3833447    
  -16.5144634    
  -16.5306435    
  -15.8834658    
  -15.9372406    
  -15.6217785    
  -15.6343708    
  -16.4489269    
  -16.0622616    
  -16.3880386    
  -16.3583145    
  -16.3816433    
  -16.7580967    
  -16.7398434    
  -16.3844757    
  -16.2099705    
  -16.5070400    
  -16.4353619    
  -16.9351864    
  -16.2979393    
  -15.9985876    
  -16.3946781    
  -16.3129539    
  -14.2105370    
  -13.5444765    
  -15.7990856    
  -15.3421612    
  -14.3509941    
  -15.0985308    
  -16.3144970    
  -16.0235367    
  -15.5248156    
  -15.6446924    
  -16.2363453    
  -15.5127497    
  -15.3764734    
  -15.2429047    
  -15.4581337    
  -15.7785358    
  -15.8944893    
  -15.8244734    
  -15.8987246    
  -16.0075169    
  -15.8072739    
  -15.5813770    
  -14.7959585    
  -15.7705736    
  -16.1816273    
  -16.4220924    
  -16.0247917    
  -14.6479063    
  -15.1434059    
  -15.5928144    
  -15.8823586    
  -15.6965923    
  -15.2926149    
  -15.6852713    
  -15.8094406    
  -15.3795967    
  -15.6595955    
  -16.2044277    
  -15.4284334    
  -15.4818926    
  -15.7088261    
  -16.4916611    
  -15.8955793    
  -16.6277409    
  -16.4169979    
  -16.4040222    
  -16.5189114    
  -16.6599998    
  -16.2937775    
  -16.4170551    
  -16.3310261    
  -16.2231941    
  -16.4614410    
  -15.8386927    
  -16.6754818    
  -16.4724464    
  -15.7278185    
  -16.2799416    
  -15.9988670    
  -16.0137234    
  -16.1451035    
  -14.8624640    
  -15.5004072    
  -15.6927052    
  -15.8555002    
  -15.7839022    
  -16.0380592    
  -15.5588236    
  -15.0032129    
  -15.1601410    
  -14.5372505    
  -15.1351252    
  -15.9293108    
  -16.0118256    
  -16.0118256    
  -15.4435997    
  -14.9326878    
  -15.7314730    
  -16.3229465    
  -16.2538471    
  -16.7211742    
  -16.7331047    
  -16.6233387    
  -15.5766678    
  -15.1763248    
  -15.5959120    
  -15.5464687    
  -16.0225601    
  -15.2319021    
  -15.8160744    
  -15.8525553    
  -14.7607832    
  -14.4696960    
  -15.0633669    
  -14.4515429    
  -14.6828680    
  -15.0636425    
  -15.1968298    
  -15.9588308    
  -15.6075048    
  -16.0175743    
  -14.9129715    
  -14.8054066    
  -14.8610878    
  -14.8906097    
  -14.9364529    
  -14.2779493    
  -15.0741339    
  -14.0395327    
  -14.4503365    
  -13.7579727    
  -13.8858175    
  -13.8516865    
  -13.9685497    
  -14.8393078    
  -15.3438940    
  -15.3433285    
  -15.3476238    
  -15.4000044    
  -15.2789640    
  -15.4956217    
  -14.9262056    
  -14.4248781    
  -14.6149235    
  -14.3332281    
  -14.5447598    
  -15.0976467    
  -15.1206207    
  -14.9822836    
  -15.3497839    
  -15.2923956    
  -15.2071800    
  -14.7149372    
  -14.4783640    
  -14.2866325    
  -13.9059277    
  -13.9022083    
  -15.0790348    
  -14.3658600    
  -14.9241638    
  -14.6663942    
  -14.2033262    
  -14.2068205    
  -14.3806868    
  -14.1573524    
  -14.1171112    
  -14.5177670    
  -14.1802168    
  -14.3551531    
  -14.7232695    
  -14.8489323    
  -13.9941730    
  -13.5764637    
  -13.1830931    
  -13.3475266    
  -13.0049505    
  -14.0435791    
  -14.4371386    
  -14.0742111    
  -14.7040548    
  -14.3558769    
  -14.8242970    
  -14.7115545    
  -14.6527739    
  -14.6502972    
  -13.4366398    
  -13.2069063    
  -13.5189257    
  -14.7321091    
  -14.5067129    
  -14.1916485    
  -14.2785387    
  -14.1053543    
  -13.9256649    
  -13.0470886    
  -13.5487862    
  -14.6611452    
  -14.3608379    
  -14.4594994    
  -14.1841030    
  -14.5159855    
  -14.2893324    
  -14.0632744    
  -14.6697617    
  -14.1544008    
  -14.1233349    
  -13.8464432    
  -13.4249048    
  -13.5214577    
  -12.5734587    
  -13.5619974    
  -13.3127642    
  -14.3443813    
  -13.3213081    
  -14.2620296    
  -14.1031351    
  -14.1378899    
  -13.0824957    
  -11.6345730    
  -12.8364315    
  -12.6116762    
  -12.8627625    
  -14.4324064    
  -14.4323492    
  -14.1874514    
  -13.6085043    
  -13.1827602    
  -14.2300501    
  -13.3624353    
  -13.7639046    
  -13.8156528    
  -14.1079206    
  -14.3730001    
  -15.5869541    
  -15.3680439    
  -15.0410843    
  -15.2357616    
  -15.1383085    
  -15.0420246    
  -15.2503901    
  -15.1730900    
  -14.9751406    
  -15.0495625    
  -15.1307182    
  -15.8711872    
  -14.9362469    
  -14.2668705    
  -14.5504189    
  -14.4687204    
  -14.3874607    
  -15.3413458    
  -14.1009398    
  -15.0470362    
  -15.3403635    
  -14.3609390    
  -15.6281109    
  -14.5163574    
  -14.0478077    
  -14.0522728    
  -14.5181351    
  -15.6184893    
  -15.5990620    
  -15.3015566    
  -15.0041523    
  -14.6459093    
  -15.0693016    
  -14.9800024    
  -14.5481873    
  -14.3671846    
  -14.9002018    
  -13.9735832    
  -14.9702911    
  -15.1202145    
  -15.4506416    
  -14.8009043    
  -15.5053968    
  -14.7088308    
  -15.0510712    
  -14.5919104    
  -14.4300604    
  -15.1336908    
  -14.7944136    
  -14.1102428    
  -14.4997406    
  -14.4881182    
  -14.3568678    
  -14.5497923    
  -14.3563185    
  -14.8515759    
  -14.7989426    
  -14.1043854    
  -13.2955074    
  -13.6110392    
  -14.3292809    
  -14.5853653    
  -14.3960924    
  -13.7669382    
  -13.6379337    
  -13.8105297    
  -13.9297180    
  -14.0916615    
  -14.3072329    
  -14.2228231    
  -14.1802568    
  -13.7603254    
  -13.8842611    
  -14.1495113    
  -13.8999062    
  -14.4913483    
  -14.2113447    
  -14.5083055    
  -14.1694288    
  -14.0969105    
  -14.3446407    
  -14.6510067    
  -14.9921503    
  -14.5700159    
  -14.1454258    
  -13.6496067    
  -13.8557987    
  -15.0529976    
  -14.5162258    
  -14.0780649    
  -14.1816835    
  -14.4153290    
  -14.7006989    
  -14.2468081    
  -13.3569441    
  -14.7119741    
  -13.6758718    
  -13.8197145    
  -12.9243498    
  -13.3076372    
  -12.9726572    
  -12.7249575    
  -12.5943737    
  -13.8729687    
  -15.0142736    
  -14.2728510    
  -13.7078123    
  -13.4433584    
  -13.2240334    
  -14.0843563    
  -14.3040056    
  -14.0614414    
  -14.4001064    
  -13.0387945    
  -13.1378775    
  -13.3441010    
  -14.1301584    
  -14.2270050    
  -14.5192862    
  -13.7862568    
  -14.2224073    
  -14.2304897    
  -13.6801319    
  -13.9372845    
  -14.3585119    
  -13.8322983    
  -14.1681252    
  -14.1320229    
  -14.1264515    
  -13.6911297    
  -13.5361671    
  -13.4787502    
  -13.4952793    
  -13.7333994    
  -14.0062923    
  -13.5091524    
  -13.3141212    
  -13.6179991    
  -13.7169762    
  -13.6883211    
  -12.3142796    
  -11.7099752    
  -11.2329102    
  -11.6544352    
  -12.3806553    
  -10.9550505    
  -12.7483206    
  -12.1929007    
  -13.4511986    
  -13.3511600    
  -13.4690905    
  -12.2732773    
  -12.9039602    
  -12.9380875    
  -13.7821827    
  -13.4455366    
  -13.4509687    
  -14.1130390    
  -14.1178493    
  -13.4775391    
  -13.4465275    
  -13.6675119    
  -13.9225826    
  -13.4314766    
  -14.0209503    
  -13.0445471    
  -13.4474297    
  -13.6764097    
  -13.9005928    
  -12.8939972    
  -13.4011936    
  -13.4393682    
  -13.2793360    
  -13.6739569    
  -13.1000576    
  -12.9765139    
  -12.7468204    
  -13.1037560    
  -13.3793859    
  -12.7423010    
  -13.0824690    
  -13.5636024    
  -14.1546240    
  -13.6958618    
  -13.8401222    
  -13.9257307    
  -13.2767649    
  -13.0371552    
  -13.1213722    
  -12.7683449    
  -13.6727428    
  -13.2549496    
  -13.9156256    
  -14.0166864    
  -14.3721170    
  -14.0816717    
  -14.4670372    
  -14.4774427    
  -14.1857052    
  -13.7138891    
  -13.5180321    
  -13.2682533    
  -13.3242588    
  -12.4431038    
  -13.8149290    
  -13.7698793    
  -13.8508139    
  -13.3203259    
  -13.5723257    
  -13.5861874    
  -13.5760117    
  -13.4262285    
  -13.9460592    
  -14.5835505    
  -14.1278229    
  -14.1548271    
  -12.2796860    
  -14.0942965    
  -14.4181824    
  -14.8079205    
  -14.7400732    
  -13.8469343    
  -14.2388430    
  -13.3533211    
  -13.3024921    
  -14.7357521    
  -15.0041904    
  -13.9329109    
  -14.6615601    
  -13.4229517    
  -13.8776035    
  -13.5081148    
  -12.2340298    
  -13.0441284    
  -13.2716665    
  -14.0377951    
  -14.3887711    
  -14.6839848    
  -13.5437603    
  -13.9998455    
  -13.9658499    
  -13.3319721    
  -13.3520470    
  -13.5929794    
  -13.5360584    
  -14.3414831    
  -14.1402140    
  -14.1518822    
  -13.6732788    
  -13.7941256    
  -13.2350321    
  -13.4365158    
  -14.3287878    
  -13.6822243    
  -13.8123531    
  -13.3715477    
  -13.6130476    
  -13.9934902    
  -13.1928024    
  -12.7939425    
  -12.7542124    
  -11.9188356    
  -12.4141121    
  -13.5380316    
  -13.4190960    
  -13.1865406    
  -13.7568598    
  -14.5724182    
  -13.2569923    
  -13.7836218    
  -12.6084862    
  -12.8666763    
  -12.9526577    
  -13.4962702    
  -13.5293550    
  -13.3493834    
  -12.9890852    
  -13.2315216    
  -12.4120312    
  -13.1163464    
  -13.0328197    
  -13.2644444    
  -13.2314911    
  -13.6089859    
  -13.6485186    
  -13.3287668    
  -13.2933216    
  -11.8444843    
  -12.0330639    
  -12.2771854    
  -13.1888943    
  -12.6852026    
  -13.2746906    
  -13.1979971    
  -12.8268242    
  -13.2893066    
  -13.5200958    
  -13.2931919    
  -13.2168751    
  -12.6019258    
  -12.8384438    
  -12.7228870    
  -11.6296101    
  -11.8085318    
  -11.0816250    
  -11.1061268    
  -10.8985081    
  -12.0584574    
  -12.5746822    
  -12.9372139    
  -12.5771894    
  -12.7291670    
  -12.4120960    
  -12.0325375    
  -11.0817623    
  -12.6194267    
  -13.1790733    
  -13.5774593    
  -13.0742693    
  -13.2929296    
  -13.4024181    
  -12.6937914    
  -12.6422958    
  -12.4395847    
  -12.3655214    
  -12.9016676    
  -12.6899624    
  -12.6317978    
  -12.5923195    
  -12.4437256    
  -12.4253139    
  -12.7698240    
  -13.1396723    
  -12.4825583    
  -11.5557241    
  -12.1279163    
  -12.3397141    
  -12.6622467    
  -13.3674469    
  -13.0755129    
  -12.8212004    
  -12.4579191    
  -12.1368208    
  -11.8986216    
  -12.1678104    
  -10.4636698    
  -10.6876545    
  -11.6711321    
  -12.4321642    
  -13.1390800    
  -13.2581606    
  -13.2242212    
  -12.9718847    
  -12.8710413    
  -11.8545971    
  -12.5025473    
  -13.2008038    
  -13.6758766    
  -13.8654881    
  -13.2680569    
  -13.1109848    
  -13.5697765    
  -12.8205986    
  -13.1730938    
  -12.6420574    
  -13.1806059    
  -13.9462557    
  -13.3827600    
  -12.2975931    
  -13.4455500    
  -13.7174034    
  -14.2556477    
  -14.1075077    
  -13.9218903    
  -13.2606230    
  -12.7458525    
  -13.2799950    
  -13.4105539    
  -12.5814276    
  -12.1071482    
  -12.3396873    
  -12.7577400    
  -13.4863243    
  -13.7185068    
  -13.4752131    
  -13.4908266    
  -13.4363852    
  -13.4137993    
  -13.6519432    
  -13.3843603    
  -13.7990246    
  -13.9435196    
  -13.6706438    
  -13.1749144    
  -12.8437347    
  -11.5900011    
  -12.9100552    
  -13.1223192    
  -14.1446638    
  -13.9238253    
  -13.5141830    
  -13.2905712    
  -13.0548897    
  -12.6148548    
  -12.1555815    
  -12.2071447    
  -12.2648592    
  -12.4029951    
  -12.7302380    
  -12.4872866    
  -13.6050272    
  -11.6478510    
  -12.1953526    
  -12.6531487    
  -13.0922070    
  -13.2702436    
  -12.3754215    
  -12.2701225    
  -13.3193893    
  -13.3881378    
  -12.9781866    
  -12.4004831    
  -12.2295723    
  -13.6568604    
  -13.5165052    
  -12.7327366    
  -12.6401863    
  -13.3253336    
  -13.6194878    
  -13.5973797    
  -13.7272072    
  -14.4715300    
  -14.5948963    
  -14.7669039    
  -14.6352463    
  -14.1320839    
  -14.3882732    
  -14.3570271    
  -13.9033442    
  -14.0450726    
  -13.7367878    
  -12.9331884    
  -13.2897577    
  -13.2189093    
  -12.9479971    
  -13.2545910    
  -13.4754562    
  -13.3030357    
  -14.3947220    
  -13.0016212    
  -13.7285204    
  -14.1736593    
  -13.6802626    
  -13.7802505    
  -13.8203812    
  -14.1972733    
  -13.5883923    
  -13.6260204    
  -13.1548510    
  -13.3818035    
  -13.4314728    
  -13.4288473    
  -14.0703058    
  -13.7474947    
  -14.6333313    
  -14.2592230    
  -14.3674431    
  -13.1814547    
  -12.9187183    
  -12.8137674    
  -13.1884861    
  -14.2476196    
  -14.9198914    
  -14.5986528    
  -13.9346819    
  -13.8827267    
  -13.1636581    
  -13.9076509    
  -13.8670702    
  -13.4259148    
  -14.5893688    
  -14.7505722    
  -14.2644529    
  -14.5547667    
  -14.5449543    
  -13.5379696    
  -13.6088638    
  -13.3192968    
  -13.6838884    
  -13.7968922    
  -13.9531212    
  -13.2199879    
  -13.6001959    
  -14.1438313    
  -13.9406033    
  -13.6294327    
  -13.3533821    
  -13.6140575    
  -12.8542347    
  -13.1490154    
  -13.0708542    
  -12.7656841    
  -12.6001968    
  -13.1919975    
  -12.7682924    
  -12.9622164    
  -12.2057447    
  -11.6942739    
  -12.2387800    
  -12.5174952    
  -12.0746841    
  -12.7036324    
  -12.5001116    
  -12.7237196    
  -12.0747700    
  -11.7254353    
  -11.1645432    
  -12.1768103    
  -11.4843884    
  -12.3971863    
  -12.3780527    
  -12.4605942    
  -13.1323147    
  -12.9392471    
  -12.7590475    
  -12.9539824    
  -12.3160868    
  -12.3848848    
  -12.0917110    
  -11.1124029    
  -11.5677624    
  -12.1497021    
  -11.0856409    
  -9.94716740    
  -11.1279469    
  -11.4889412    
  -11.7662878    
  -11.8188467    
  -10.7832785    
  -10.5187845    
  -11.0639172    
  -11.1149483    
  -11.9780664    
  -11.7389107    
  -12.2468967    
  -12.2359533    
  -12.0276022    
  -12.6303024    
  -12.8348961    
  -12.8308764    
  -12.8166122    
  -13.4713755    
  -13.2544165    
  -13.5422392    
  -12.6182566    
  -13.0950956    
  -12.1037607    
  -13.0031738    
  -12.5540819    
  -13.4033051    
  -13.3266144    
  -12.3653936    
  -11.3161383    
  -12.3097734    
  -12.7251501    
  -12.6303635    
  -12.6679573    
  -12.0341501    
  -12.6892843    
  -11.3129148    
  -11.1959639    
  -12.0686159    
  -13.2374535    
  -13.7255135    
  -13.3845682    
  -12.8418417    
  -12.3214178    
  -11.4877672    
  -12.3232718    
  -13.3809376    
  -13.5165014    
  -13.2778263    
  -13.0300655    
  -12.8126125    
  -12.4199963    
  -12.6150551    
  -12.6706018    
  -13.1930761    
  -13.5989819    
  -13.8329153    
  -13.6675434    
  -13.0043106    
  -13.4501219    
  -12.6624517    
  -12.5807219    
  -13.4869709    
  -13.2516184    
  -13.0138741    
  -13.4209356    
  -13.5172281    
  -12.9336214    
  -12.5529642    
  -12.7318277    
  -13.0058537    
  -13.8243589    
  -13.7530117    
  -13.7144032    
  -13.5120583    
  -13.2555704    
  -13.8680925    
  -14.5168972    
  -13.8868275    
  -14.1261110    
  -13.5986156    
  -13.0940561    
  -14.0613623    
  -14.2592058    
  -14.1927786    
  -13.6207399    
  -13.0113993    
  -13.2635441    
  -13.9568119    
  -13.4835749    
  -13.5987587    
  -13.6721821    
  -13.5642738    
  -13.9250507    
  -13.2528782    
  -13.9646053    
  -14.1814651    
  -14.0062208    
  -13.7039423    
  -13.1726494    
  -13.0913191    
  -13.0623884    
  -12.6738920    
  -13.3826056    
  -13.2900848    
  -13.9150028    
  -14.1310129    
  -13.4997005    
  -13.4766254    
  -12.6493368    
  -12.5820198    
  -13.0053282    
  -13.3522902    
  -13.6424656    
  -13.6451855    
  -14.5572910    
  -13.9054842    
  -13.6063843    
  -13.7099638    
  -13.9459906    
  -14.2151060    
  -14.1452446    
  -14.7773428    
  -14.0748787    
  -12.8286238    
  -13.8736124    
  -14.8442621    
  -14.5312443    
  -13.5514975    
  -12.6838970    
  -13.8076677    
  -14.2881432    
  -14.0796347    
  -12.9475689    
  -11.9700270    
  -12.7542124    
  -12.3993530    
  -12.8638248    
  -13.1687403    
  -13.4137058    
  -12.7404804    
  -12.6327753    
  -12.7853851    
  -13.1068373    
  -13.2288084    
  -12.2505836    
  -12.9134283    
  -12.8678999    
  -12.9023428    
  -12.5713062    
  -12.0691175    
  -12.9061689    
  -13.3659639    
  -12.8449202    
  -13.1002474    
  -13.0922365    
  -12.7251196    
  -13.3365717    
  -12.7854214    
  -12.2261457    
  -12.0025492    
  -11.0322523    
  -11.5540543    
  -11.9036350    
  -12.4996910    
  -12.5390453    
  -12.7939100    
  -13.2706203    
  -13.8746424    
  -13.8227749    
  -14.8616056    
  -14.5507393    
  -14.0573082    
  -13.8377323    
  -13.0968657    
  -12.8738098    
  -12.8975477    
  -11.8694630    
  -11.5649137    
  -11.5980721    
  -11.9090614    
  -12.1281261    
  -11.5873671    
  -11.2760534    
  -10.0237274    
  -9.37826443    
  -10.7340012    
  -11.8464928    
  -11.6785555    
  -11.5643034    
  -12.0607901    
  -11.6138105    
  -11.5775766    
  -12.6689253    
  -11.9285622    
  -12.6870480    
  -13.0924892    
  -12.7281809    
  -13.3544798    
  -13.1680050    
  -13.2170734    
  -13.1231508    
  -12.4799089    
  -12.1635046    
  -12.8611898    
  -12.0067587    
  -13.2163486    
  -12.3430386    
  -12.7348747    
  -13.3519716    
  -12.6185694    
  -12.3416595    
  -13.1030941    
  -12.5090618    
  -11.7545242    
  -12.2492409    
  -12.7182121    
  -12.7695284    
  -13.2662697    
  -12.8849468    
  -12.9221659    
  -12.3662767    
  -12.7915754    
  -12.2402821    
  -12.6066332    
  -13.4654169    
  -11.9472828    
  -12.6555004    
  -14.3879471    
  -14.4926558    
  -14.4554720    
  -13.9837828    
  -13.7160664    
  -13.3285112    
  -11.8866796    
  -12.9891033    
  -12.4655781    
  -12.6425781    
  -13.1545982    
  -13.0546560    
  -14.5158386    
  -14.8826046    
  -14.0470009    
  -13.6647587    
  -13.6000786    
  -13.2308903    
  -14.3867998    
  -14.4074020    
  -13.9721165    
  -13.7853327    
  -13.3488636    
  -13.5996227    
  -12.9327335    
  -12.7055712    
  -13.1685524    
  -13.0388842    
  -13.5228481    
  -13.9700594    
  -14.5414972    
  -14.2610760    
  -14.2266083    
  -15.0636787    
  -13.6445417    
  -13.9146099    
  -14.0702238    
  -13.2603436    
  -14.0546560    
  -13.8199844    
  -13.3470020    
  -12.7945166    
  -13.4587545    
  -13.3802881    
  -13.3225069    
  -13.9060059    
  -13.6247425    
  -13.0584288    
  -13.7048006    
  -13.7461452    
  -13.5010977    
  -12.7977972    
  -13.3871937    
  -14.1059704    
  -14.2017498    
  -14.2823772    
  -14.7462692    
  -14.4130287    
  -13.1614475    
  -14.0372782    
  -13.6953554    
  -14.2771778    
  -14.9374142    
  -15.0302153    
  -14.8976536    
  -13.8982449    
  -15.0830727    
  -15.7598267    
  -15.5972710    
  -15.3379068    
  -15.6073151    
  -15.3718452    
  -14.9387741    
  -14.0352144    
  -13.6941557    
  -14.2363539    
  -14.0050707    
  -13.3636389    
  -14.4139681    
  -14.9316807    
  -13.9610519    
  -14.6793365    
  -14.2524681    
  -14.5066719    
  -14.4227762    
  -14.1850328    
  -13.9792652    
  -13.6856356    
  -13.4309063    
  -14.1470547    
  -13.9894514    
  -12.2078228    
  -13.0460920    
  -13.7148628    
  -13.9923677    
  -13.4812346    
  -13.2388277    
  -12.8846474    
  -13.3111286    
  -13.1080685    
  -12.9966688    
  -13.5371990    
  -13.7140284    
  -13.4686155    
  -13.6575270    
  -13.6687574    
  -13.6595306    
  -13.2784109    
  -12.7188158    
  -12.8840141    
  -13.0097609    
  -12.7916718    
  -13.3928576    
  -13.1285515    
  -13.4469900    
  -14.3703432    
  -14.6173582    
  -14.8695221    
  -14.7222395    
  -13.5774641    
  -13.2160740    
  -13.3630867    
  -12.4560413    
  -13.2622461    
  -12.4977207    
  -13.7282839    
  -13.4706926    
  -13.8118963    
  -13.5460119    
  -13.0473280    
  -13.9913225    
  -13.7628555    
  -13.9414997    
  -13.8082848    
  -13.1923313    
  -13.1790943    
  -12.9322739    
  -13.0555553    
  -12.7226982    
  -14.1511717    
  -13.7588930    
  -13.8800259    
  -14.0440426    
  -14.0417109    
  -13.8544569    
  -13.6913414    
  -14.1793423    
  -14.6232777    
  -14.1077499    
  -14.7147408    
  -13.8580809    
  -13.5388975    
  -14.0165014    
  -14.8307734    
  -14.8276539    
  -14.6544132    
  -14.3323231    
  -14.3992262    
  -14.0703516    
  -14.4226265    
  -13.7486362    
  -13.4096470    
  -13.4947805    
  -13.9018059    
  -13.8369875    
  -13.6647253    
  -13.6283827    
  -13.8458767    
  -13.2341328    
  -12.7240047    
  -12.3701801    
  -11.1046591    
  -13.0410738    
  -13.7662954    
  -12.7217655    
  -12.8670635    
  -12.5664721    
  -13.7347975    
  -13.4167023    
  -12.4330196    
  -12.2301865    
  -12.2783785    
  -11.0492277    
  -11.3410978    
  -11.9401178    
  -13.9000969    
  -13.6447697    
  -13.8160458    
  -13.2457857    
  -12.9464598    
  -13.8586369    
  -12.5055933    
  -11.4303350    
  -11.2710123    
  -12.8753195    
  -13.7205248    
  -13.3487911    
  -13.8133945    
  -12.8334789    
  -13.8220577    
  -13.2880182    
  -12.2702332    
  -12.3432083    
  -12.1797323    
  -11.3513699    
  -11.6219120    
  -10.6390619    
  -11.6621628    
  -11.5093470    
  -10.7378950    
  -11.9901409    
  -11.9301434    
  -11.5538349    
  -12.6167774    
  -13.3295460    
  -12.9940681    
  -12.7002811    
  -13.4989824    
  -12.8150520    
  -12.6169262    
  -12.4360685    
  -12.5679588    
  -12.1976242    
  -11.7770519    
  -11.0158939    
  -11.2124062    
  -12.3110256    
  -11.8144379    
  -12.5534420    
  -12.4293022    
  -10.9833336    
  -9.95671272    
  -10.8236055    
  -11.9178200    
  -12.5108404    
  -12.1413527    
  -12.6000853    
  -13.2147799    
  -13.5473862    
  -12.8730450    
  -13.6552200    
  -12.8526382    
  -12.5342159    
  -12.9819841    
  -12.4741697    
  -12.0782108    
  -12.8468456    
  -13.0639334    
  -12.9472790    
  -13.5058250    
  -13.0020695    
  -13.2155180    
  -13.4372253    
  -13.9073257    
  -13.7560940    
  -14.1015215    
  -13.9696398    
  -13.5860233    
  -13.6150036    
  -13.9208202    
  -13.6732082    
  -13.6669788    
  -12.5832338    
  -13.3988991    
  -13.4586811    
  -13.8693285    
  -13.9398746    
  -13.9297991    
  -13.7364197    
  -13.0564241    
  -11.9718733    
  -11.4620171    
  -12.0995617    
  -12.4218082    
  -13.0552616    
  -12.7732325    
  -12.5755568    
  -12.5162849    
  -13.0814266    
  -12.7785749    
  -12.5552130    
  -12.2078981    
  -12.0361538    
  -12.4878187    
  -13.1347656    
  -13.0554304    
  -13.3986912    
  -12.3412037    
  -12.8316946    
  -12.6924210    
  -12.8660841    
  -12.3759899    
  -12.4730358    
  -12.6833487    
  -11.5945120    
  -12.4157534    
  -11.8317337    
  -11.7289515    
  -13.2057743    
  -13.1083918    
  -13.2386494    
  -13.4359255    
  -13.4651546    
  -13.1713572    
  -12.9870768    
  -13.3867207    
  -13.1232862    
  -12.6020222    
  -13.2933874    
  -13.1734018    
  -13.5512171    
  -13.6417532    
  -13.6065235    
  -12.2977028    
  -12.3990383    
  -12.3408947    
  -13.5480366    
  -13.7581730    
  -14.0591755    
  -13.4152908    
  -13.4962711    
  -14.3114548    
  -14.1569576    
  -13.9025421    
  -14.0759449    
  -13.9188013    
  -14.3316498    
  -14.1987791    
  -13.7332067    
  -14.1547251    
  -13.5947971    
  -12.6406164    
  -13.9825478    
  -14.2669010    
  -13.5068836    
  -13.6322432    
  -14.0142708    
  -13.9200964    
  -13.9938917    
  -13.5637665    
  -11.9264851    
  -13.3696356    
  -14.3201809    
  -14.0263262    
  -13.8957968    
  -14.0575447    
  -13.7178202    
  -13.4926634    
  -13.3361549    
  -12.5918503    
  -13.2830544    
  -12.8970556    
  -12.7594910    
  -12.9383631    
  -13.5308981    
  -13.4369459    
  -13.4961576    
  -13.0282211    
  -12.6835966    
  -13.0108852    
  -12.5267887    
  -12.6413507    
  -13.2532282    
  -13.0002146    
  -13.0386286    
  -13.7864923    
  -13.2291212    
  -12.9192781    
  -13.3432093    
  -13.6509504    
  -14.0208645    
  -14.5250750    
  -14.4605589    
  -14.4789257    
  -14.2285652    
  -14.0028162    
  -13.8342752    
  -13.9464293    
  -13.2507010    
  -13.3661642    
  -13.3268442    
  -13.0093184    
  -12.9259443    
  -12.5739765    
  -13.7816763    
  -13.6564856    
  -13.6595469    
  -13.0527697    
  -12.2943726    
  -11.7781572    
  -11.8458242    
  -12.7722368    
  -12.0266418    
  -12.3381948    
  -12.3817711    
  -12.1444111    
  -11.9244118    
  -11.9140844    
  -11.8865080    
  -12.6149626    
  -12.7854843    
  -12.8179197    
  -12.3391905    
  -12.5932045    
  -12.6750145    
  -12.5024281    
  -12.2679787    
  -11.9373140    
  -11.6343527    
  -11.6702318    
  -11.2520504    
  -11.2377968    
  -11.9648542    
  -11.7207880    
  -11.2167549    
  -12.0099239    
  -11.7995338    
  -12.7811537    
  -13.1670437    
  -13.0112333    
  -12.6938190    
  -12.9358253    
  -12.5767670    
  -12.5983791    
  -12.0979052    
  -12.1612015    
  -12.1418400    
  -12.6679935    
  -12.8588896    
  -13.2634373    
  -12.3292818    
  -13.0725813    
  -13.4694843    
  -13.3054476    
  -12.9177399    
  -12.9530010    
  -12.4627838    
  -12.9641132    
  -13.7452936    
  -13.5247641    
  -12.8526983    
  -12.5194349    
  -12.5004606    
  -12.4774647    
  -12.6540346    
  -12.4062986    
  -11.5395355    
  -12.6798429    
  -12.5631962    
  -12.6216803    
  -12.9012194    
  -11.8380852    
  -11.9359198    
  -11.6000624    
  -10.5559673    
  -11.2534285    
  -12.2225103    
  -12.6995964    
  -12.7294607    
  -13.7729082    
  -14.0510263    
  -14.1565866    
  -13.4762402    
  -13.0336256    
  -13.1513119    
  -13.2211971    
  -13.1797953    
  -13.8297081    
  -13.8110142    
  -13.4653807    
  -12.8672752    
  -12.9754124    
  -12.5515356    
  -13.2050276    
  -13.2018328    
  -13.0529671    
  -13.4161148    
  -13.0915403    
  -13.1104965    
  -12.5194998    
  -12.2746983    
  -12.7665911    
  -12.5051088    
  -12.1418686    
  -12.3838558    
  -13.3746815    
  -13.0431671    
  -12.8708563    
  -12.9973536    
  -13.5311985    
  -13.9185057    
  -13.4574995    
  -13.2404833    
  -12.0088997    
  -12.4062233    
  -12.6919317    
  -12.7712231    
  -12.5552130    
  -12.8598938    
  -12.7873716    
  -12.7267437    
  -13.0052299    
  -13.0607920    
  -12.7635279    
  -12.7128582    
  -12.6305780    
  -12.1016550    
  -12.4890890    
  -11.6478701    
  -12.3598099    
  -12.0176611    
  -12.2916918    
  -13.0276260    
  -13.3817863    
  -12.5159903    
  -12.7529202    
  -12.9780350    
  -12.6151953    
  -12.9788542    
  -12.8885126    
  -13.1534882    
  -13.5713310    
  -13.4054365    
  -13.6052923    
  -13.0495005    
  -12.1022253    
  -13.0133896    
  -12.8037186    
  -12.5834627    
  -12.7069292    
  -12.8638582    
  -13.0674391    
  -12.8712225    
  -12.6716490    
  -12.6594868    
  -12.7516146    
  -12.9711466    
  -11.9042234    
  -13.0677414    
  -12.7248611    
  -13.0529633    
  -12.8709850    
  -12.9979162    
  -12.8132124    
  -12.7113876    
  -12.8740673    
  -13.6364737    
  -13.6459646    
  -13.3772163    
  -13.6653366    
  -13.4337349    
  -13.3541775    
  -12.8754501    
  -12.5913963    
  -11.7175026    
  -12.9266129    
  -13.4038553    
  -12.5142803    
  -12.6095095    
  -13.9728813    
  -13.7395554    
  -14.3718500    
  -14.3467722    
  -13.8139143    
  -14.1173611    
  -14.1152849    
  -13.5790701    
  -13.0597525    
  -13.5457106    
  -12.0356703    
  -12.8425331    
  -13.1905031    
  -13.0290966    
  -13.2038975    
  -12.8181458    
  -12.4624872    
  -12.1359463    
  -11.1542635    
  -10.8007984    
  -10.9421959    
  -10.6489534    
  -11.9852972    
  -11.8173075    
  -11.7722750    
  -11.5065794    
  -11.1359282    
  -12.6533146    
  -12.8634386    
  -12.9990196    
  -11.9503212    
  -12.5446634    
  -12.8039246    
  -12.7582016    
  -12.3923311    
  -12.5742340    
  -11.7068510    
  -11.8721352    
  -12.5893240    
  -12.3373833    
  -12.3604431    
  -12.5381908    
  -13.6529379    
  -13.5616283    
  -12.4303102    
  -13.4780855    
  -12.5614662    
  -12.1325445    
  -12.9998064    
  -13.5460281    
  -13.3731728    
  -12.7887192    
  -13.4493256    
  -13.2706032    
  -12.5013437    
  -12.7258711    
  -12.6307430    
  -12.6825008    
  -12.6969318    
  -13.2323084    
  -12.9666395    
  -13.4110184    
  -12.6965322    
  -12.8329926    
  -13.3876886    
  -12.6059303    
  -11.5038242    
  -11.7972183    
  -12.4919348    
  -12.5886641    
  -12.3507767    
  -12.6237926    
  -11.6965923    
  -11.2643900    
  -11.4046049    
  -12.6133871    
  -11.9866180    
  -12.6579618    
  -12.5423861    
  -12.5021267    
  -12.1375198    
  -11.8087187    
  -12.0928268    
  -12.8532543    
  -12.2227898    
  -12.2313442    
  -12.3116331    
  -12.6043243    
  -12.2941093    
  -13.4822693    
  -13.3161411    
  -13.3191729    
  -12.5479059    
  -12.8558187    
  -13.7574120    
  -13.2465763    
  -13.1850662    
  -11.9745312    
  -12.4107714    
  -11.9445610    
  -12.1015921    
  -12.3296814    
  -12.6086826    
  -13.3160410    
  -12.6322432    
  -12.3988190    
  -12.9267063    
  -12.8823338    
  -12.8280983    
  -12.5546551    
  -12.3016005    
  -12.4916039    
  -12.3022518    
  -12.4900017    
  -12.7459574    
  -11.7943363    
  -11.6807804    
  -12.7399492    
  -12.4381866    
  -12.3454552    
  -12.7500248    
  -12.8024969    
  -13.0591450    
  -11.9666853    
  -12.2448521    
  -13.0953541    
  -13.0859623    
  -13.0008717    
  -12.5608883    
  -12.3496571    
  -12.0744076    
  -12.6543474    
  -13.2707329    
  -13.2995796    
  -13.5459509    
  -12.4431190    
  -12.8816233    
  -12.5666742    
  -13.0293217    
  -12.4055357    
  -13.0635338    
  -12.8107710    
  -13.4055967    
  -13.1217108    
  -13.2543926    
  -13.4569387    
  -13.2967024    
  -13.7285309    
  -13.8145838    
  -13.9745502    
  -13.7705908    
  -13.5585251    
  -13.6223545    
  -13.2313805    
  -14.1395826    
  -13.8467093    
  -14.0614071    
  -14.0071945    
  -13.2096024    
  -13.3367777    
  -13.4221554    
  -13.7592621    
  -13.7402306    
  -13.9055672    
  -13.3549376    
  -13.6922321    
  -12.6248293    
  -12.4604797    
  -12.5124846    
  -13.0474873    
  -12.4343224    
  -12.4856224    
  -12.2224503    
  -12.2546253    
  -13.0129061    
  -12.5827627    
  -12.4890890    
  -12.0095978    
  -11.9663744    
  -13.7195129    
  -13.5817337    
  -12.8532543    
  -13.3061333    
  -13.3183098    
  -12.9249210    
  -12.9147348    
  -12.5860500    
  -12.0563898    
  -11.8382559    
  -12.6615582    
  -12.4140673    
  -12.6041174    
  -12.9230356    
  -13.5085583    
  -13.1823769    
  -13.7000217    
  -13.3935890    
  -13.0028839    
  -13.7329693    
  -14.2395773    
  -13.8608694    
  -12.7815418    
  -13.8335695    
  -13.9767914    
  -14.6962643    
  -14.4888706    
  -13.9339132    
  -14.1480904    
  -13.8759365    
  -13.9300976    
  -13.6914320    
  -13.0597191    
  -12.9528799    
  -13.5267954    
  -13.4092293    
  -13.5828075    
  -13.9799900    
  -13.8878479    
  -14.3203220    
  -13.8927851    
  -13.3848438    
  -13.8792276    
  -12.2327995    
  -14.3840437    
  -14.5442743    
  -14.9132881    
  -14.4731455    
  -14.0754919    
  -14.6190624    
  -14.3505774    
  -14.3357439    
  -14.6166048    
  -14.4733553    
  -14.1143990    
  -14.3736887    
  -14.1293707    
  -14.7521896    
  -15.4514132    
  -16.0677090    
  -16.1411877    
  -16.2004433    
  -16.0571861    
  -16.3708115    
  -16.4324055    
  -15.9387426    
  -15.7093849    
  -15.3756437    
  -14.4490957    
  -15.2298727    
  -15.7460442    
  -15.4685202    
  -15.2506533    
  -14.6966772    
  -14.4935656    
  -14.5901213    
  -14.3743963    
  -14.1075926    
  -13.3047695    
  -14.3366613    
  -14.5564699    
  -16.1256065    
  -15.2680368    
  -15.8922558    
  -16.2178059    
  -16.3772354    
  -15.4641066    
  -15.7778215    
  -15.9484243    
  -16.1361179    
  -16.0334034    
  -16.0468655    
  -15.2139320    
  -15.3504353    
  -14.9530926    
  -14.7499666    
  -15.1610689    
  -15.4063034    
  -14.3135653    
  -14.7022924    
  -14.5515089    
  -14.7659769    
  -14.1842022    
  -13.9593363    
  -14.2878208    
  -14.4117556    
  -14.0029945    
  -14.6615419    
  -14.1831331    
  -14.5689869    
  -14.3913937    
  -14.8667479    
  -14.9133625    
  -15.3846560    
  -15.1345081    
  -15.1020374    
  -14.3759165    
  -14.1448984    
  -15.1829653    
  -14.8736715    
  -15.0756216    
  -15.8647585    
  -15.6886082    
  -15.4096775    
  -15.7011652    
  -14.8773918    
  -14.7391663    
  -14.6198006    
  -14.2485723    
  -14.2207975    
  -14.9440794    
  -14.7193413    
  -14.5430336    
  -14.9613609    
  -14.4696074    
  -14.0275688    
  -14.4831896    
  -14.5116453    
  -14.3655977    
  -13.3387051    
  -13.1368904    
  -13.0552444    
  -13.6464281    
  -13.3074284    
  -13.5987635    
  -13.5216942    
  -13.6140070    
  -13.5613060    
  -14.0476799    
  -14.2352180    
  -14.6431532    
  -14.1701460    
  -13.9897490    
  -13.7965021    
  -14.1230650    
  -13.8442974    
  -13.6453657    
  -14.3135719    
  -14.0910568    
  -14.4987364    
  -14.7098436    
  -14.6995745    
  -14.7288265    
  -14.7762604    
  -14.4311161    
  -14.5234346    
  -15.0785913    
  -14.3294163    
  -14.4235535    
  -14.0437384    
  -14.3227320    
  -13.7256031    
  -13.8620186    
  -13.1770611    
  -13.4513912    
  -14.2178764    
  -14.4214239    
  -14.8470936    
  -14.6201897    
  -13.7137423    
  -14.3886147    
  -14.3792028    
  -15.0236902    
  -14.5730228    
  -14.9647121    
  -15.1860752    
  -15.4962406    
  -15.6447954    
  -15.8636456    
  -15.4196339    
  -14.9965601    
  -15.4998131    
  -15.7220478    
  -14.6110611    
  -14.5205202    
  -14.8520536    
  -15.2321463    
  -15.1009226    
  -13.4116144    
  -13.7384825    
  -14.1147852    
  -15.0118332    
  -14.2676792    
  -13.5304537    
  -14.3317490    
  -14.6698589    
  -14.8460693    
  -14.0679178    
  -14.0495090    
  -14.1083107    
  -13.7469597    
  -14.5711088    
  -14.9742861    
  -15.0709867    
  -15.2997799    
  -14.8542366    
  -14.2536135    
  -14.6382589    
  -15.6051483    
  -15.1899185    
  -15.2326975    
  -15.3286448    
  -14.3336105    
  -14.1470966    
  -14.8534689    
  -14.6208324    
  -13.4797478    
  -14.3315039    
  -13.9463320    
  -13.9487791    
  -15.0402040    
  -14.0974350    
  -12.4953041    
  -12.4991817    
  -13.4474506    
  -13.5318766    
  -14.2803049    
  -13.9914112    
  -12.4669218    
  -12.6822367    
  -12.2578564    
  -12.1311407    
  -12.9109402    
  -13.8771286    
  -14.4003286    
  -14.9377680    
  -13.5263529    
  -13.9352627    
  -13.2818575    
  -13.5934410    
  -12.9245834    
  -13.4196224    
  -14.1107674    
  -14.8511610    
  -14.6045246    
  -13.6692209    
  -14.1854239    
  -14.5027151    
  -13.9296646    
  -14.3850212    
  -14.5143328    
  -14.4952946    
  -15.3889513    
  -15.3274279    
  -15.3821583    
  -15.7514486    
  -15.6751461    
  -15.3993378    
  -15.3955898    
  -15.0637245    
  -15.1947556    
  -15.4308634    
  -15.0534248    
  -14.0753241    
  -14.6090546    
  -14.1346607    
  -13.8100986    
  -13.6605148    
  -14.7722912    
  -15.6450291    
  -15.8033886    
  -15.3724461    
  -14.6982565    
  -14.5234985    
  -14.4000950    
  -14.5170498    
  -13.4762602    
  -14.2016840    
  -13.6963234    
  -14.6610069    
  -14.0590391    
  -14.1658039    
  -14.3107290    
  -14.0489845    
  -14.0915070    
  -13.6663465    
  -14.2289610    
  -13.3853598    
  -13.4036598    
  -14.0398579    
  -13.7818260    
  -14.0243492    
  -14.0824013    
  -13.7605257    
  -14.0399332    
  -13.8725586    
  -13.3292952    
  -13.1870918    
  -13.1184864    
  -13.3810997    
  -13.4064770    
  -14.1619110    
  -14.2893028    
  -14.1191902    
  -13.7096691    
  -14.7025509    
  -14.9048843    
  -14.6090708    
  -14.7629547    
  -14.5018911    
  -14.2858315    
  -14.2809706    
  -14.7103958    
  -14.9997807    
  -15.0731020    
  -15.4467211    
  -14.9442492    
  -14.9373264    
  -15.4129534    
  -14.0989180    
  -14.1276588    
  -13.8702230    
  -13.5460024    
  -12.5122108    
  -11.6143341    
  -12.0744162    
  -12.7500982    
  -12.8576708    
  -13.9781628    
  -13.4413519    
  -12.9793291    
  -12.6709509    
  -13.0325680    
  -13.5892553    
  -13.3933830    
  -13.0622425    
  -13.2451954    
  -13.2915268    
  -13.9332552    
  -13.4113913    
  -13.7068624    
  -13.6270609    
  -13.5552034    
  -13.1774035    
  -13.1753016    
  -13.6250896    
  -12.8429270    
  -13.4944124    
  -13.9065228    
  -14.0441370    
  -13.6357231    
  -13.1360922    
  -13.0273056    
  -13.2722921    
  -13.0075712    
  -13.1932297    
  -12.9144268    
  -12.7289419    
  -12.9098291    
  -12.6770449    
  -12.2588377    
  -12.9229202    
  -13.1519337    
  -13.2106342    
  -13.4225035    
  -13.6055403    
  -13.3495264    
  -13.3767672    
  -13.4410295    
  -13.1246996    
  -12.8833656    
  -12.5185452    
  -13.1458082    
  -13.0762014    
  -13.7058315    
  -13.4825726    
  -13.6711674    
  -13.5920734    
  -12.7823439    
  -12.8061590    
  -13.1981850    
  -13.7958965    
  -13.6615410    
  -12.7464676    
  -12.4937401    
  -12.5619221    
  -12.7429237    
  -13.4617519    
  -13.2137213    
  -13.3667421    
  -12.8729753    
  -12.7901812    
  -12.9343824    
  -12.9224730    
  -12.9475632    
  -13.3835888    
  -12.9272947    
  -12.5665712    
  -12.9120588    
  -12.6431150    
  -12.4639673    
  -12.6574211    
  -12.5706644    
  -12.4611263    
  -12.5155668    
  -11.6430397    
  -12.1801720    
  -12.7477798    
  -12.8104696    
  -12.5821190    
  -12.5461302    
  -12.6402807    
  -12.4697304    
  -12.9536409    
  -12.4967842    
  -13.3858500    
  -12.8896933    
  -12.3850994    
  -13.2843409    
  -12.4518204    
  -12.9171238    
  -12.8686485    
  -13.3080997    
  -12.6851377    
  -13.6047754    
  -13.3234062    
  -14.3195696    
  -14.2373390    
  -14.6417265    
  -14.5220957    
  -14.9799404    
  -14.7838039    
  -13.8187723    
  -14.0882416    
  -14.2592621    
  -13.6914797    
  -13.7598715    
  -13.6975012    
  -13.6000948    
  -13.6116610    
  -13.5912199    
  -13.2017412    
  -13.2492847    
  -13.1899204    
  -13.5613556    
  -13.8209276    
  -14.2177315    
  -14.6037197    
  -14.9093723    
  -15.0451107    
  -13.7940187    
  -13.3489323    
  -14.4532557    
  -13.6719542    
  -13.6221113    
  -13.4547424    
  -13.7611990    
  -13.5692492    
  -14.0914326    
  -12.3453112    
  -12.6128807    
  -11.9522076    
  -12.4852324    
  -12.4814606    
  -12.8289976    
  -13.0180712    
  -13.4243650    
  -13.5795403    
  -13.8354034    
  -13.7256489    
  -14.0470381    
  -13.6755285    
  -14.0389118    
  -13.8700848    
  -13.6699286    
  -14.2143049    
  -14.0016289    
  -14.0235767    
  -14.1859875    
  -14.4656706    
  -14.0499706    
  -14.2749538    
  -14.0349979    
  -13.8520374    
  -13.3032999    
  -13.8199921    
  -14.0890942    
  -14.1934757    
  -14.2759495    
  -12.9689093    
  -12.9078035    
  -13.7339668    
  -13.0259457    
  -13.7669382    
  -14.0965290    
  -14.2245255    
  -14.4019566    
  -14.4472237    
  -14.6318455    
  -14.4690380    
  -13.9235830    
  -13.9638186    
  -13.5353699    
  -12.7395306    
  -12.4377642    
  -12.1988497    
  -10.8874712    
  -12.6545572    
  -12.0378389    
  -12.3522463    
  -12.0408115    
  -11.7928200    
  -13.6797047    
  -13.4488144    
  -13.0181761    
  -12.6418295    
  -12.6259050    
  -12.4854813    
  -12.7133923    
  -12.8524313    
  -12.2706261    
  -12.5484371    
  -13.0345097    
  -12.2534552    
  -12.0839596    
  -12.3097782    
  -11.9959736    
  -11.4219875    
  -11.9532089    
  -12.5307732    
  -13.5826931    
  -12.7011032    
  -12.2316265    
  -13.8116455    
  -13.7073975    
  -13.4698877    
  -13.2612181    
  -12.5929804    
  -12.0832043    
  -12.5317764    
  -11.1881495    
  -11.6580210    
  -11.5060101    
  -11.6802683    
  -12.4229784    
  -12.7344065    
  -13.1895103    
  -13.3066874    
  -12.3792543    
  -11.9194555    
  -11.9358215    
  -11.6841164    
  -12.3128223    
  -12.9807110    
  -12.3521051    
  -10.8658371    
  -11.0450201    
  -12.3927660    
  -12.6774349    
  -12.4533901    
  -12.6510582    
  -12.5954466    
  -12.2741518    
  -12.8393373    
  -12.4662991    
  -12.4118252    
  -12.7521038    
  -12.6335535    
  -12.7204399    
  -13.3372927    
  -12.8395815    
  -13.1845961    
  -13.5337496    
  -13.0022516    
  -12.8400936    
  -12.6756401    
  -12.8579006    
  -13.0881662    
  -13.0315399    
  -13.2106018    
  -13.1316910    
  -12.1118469    
  -13.7913332    
  -13.9474497    
  -14.3333349    
  -14.4896116    
  -12.8459873    
  -13.2753410    
  -13.4612141    
  -13.5865602    
  -13.5307379    
  -13.0611572    
  -13.0697937    
  -13.6109514    
  -14.3486204    
  -14.2795792    
  -14.3474007    
  -14.4998589    
  -14.6730270    
  -13.9681311    
  -14.0941954    
  -13.5835409    
  -13.8277435    
  -14.0104599    
  -13.0182629    
  -13.1517096    
  -13.7657146    
  -14.4684162    
  -14.5094662    
  -12.7380495    
  -12.1896448    
  -13.2400427    
  -13.1693687    
  -14.1242447    
  -14.2454329    
  -14.4320736    
  -13.6304522    
  -13.6776924    
  -13.0318203    
  -13.2026796    
  -12.7135983    
  -12.7570829    
  -12.1687784    
  -12.5221090    
  -13.0246115    
  -14.6818953    
  -14.2879467    
  -13.9756279    
  -14.8049135    
  -15.1133041    
  -15.5140877    
  -15.7032280    
  -15.9581642    
  -16.1698170    
  -14.8047733    
  -14.7879677    
  -14.6029854    
  -15.4999456    
  -15.3919353    
  -15.0626945    
  -14.5685558    
  -15.1081486    
  -14.6527948    
  -14.3947315    
  -15.5036268    
  -14.4817314    
  -14.7748203    
  -15.0098352    
  -14.4244251    
  -14.0312519    
  -14.3061209    
  -14.3722172    
  -14.7210817    
  -15.3470621    
  -15.8920364    
  -15.8244648    
  -15.7987509    
  -15.3675241    
  -15.0202951    
  -15.7510624    
  -15.1870480    
  -15.4785748    
  -14.5529680    
  -14.4188356    
  -14.4291477    
  -14.1751299    
  -15.3070211    
  -14.3847132    
  -14.6372805    
  -15.0727091    
  -14.7374020    
  -14.9901342    
  -13.8525305    
  -15.5513201    
  -15.8526182    
  -14.7636929    
  -14.6432543    
  -15.3402395    
  -15.0372696    
  -15.0681791    
  -16.1329269    
  -16.2938061    
  -16.0163860    
  -16.1662197    
  -16.3977642    
  -15.7432766    
  -16.1005211    
  -15.5916605    
  -15.2209835    
  -14.4398594    
  -15.2680111    
  -14.8936710    
  -15.0730619    
  -15.0074587    
  -15.1377583    
  -15.0249119    
  -15.1041422    
  -15.1501150    
  -15.1165857    
  -14.9907875    
  -15.1216593    
  -14.9111671    
  -14.5096397    
  -14.5649881    
  -15.1047907    
  -14.6097794    
  -14.3864622    
  -14.0799046    
  -14.9229498    
  -15.2358055    
  -15.4829807    
  -15.4130993    
  -15.7502851    
  -15.8150702    
  -15.3483477    
  -15.3199596    
  -15.0142002    
  -15.1910639    
  -15.0238094    
  -14.5492210    
  -14.4123116    
  -14.9940023    
  -16.3193111    
  -16.6656780    
  -15.8774910    
  -15.3729305    
  -14.8883677    
  -14.9280872    
  -14.8621216    
  -14.3431807    
  -14.4902773    
  -14.8017616    
  -15.3441610    
  -15.3275089    
  -14.6462173    
  -15.1650877    
  -15.9270420    
  -14.8751345    
  -15.1292095    
  -15.3599224    
  -15.1030245    
  -14.9952259    
  -15.8451662    
  -15.7842474    
  -15.6847982    
  -16.0277309    
  -15.0070915    
  -14.7537880    
  -13.5916843    
  -13.4921608    
  -13.2366152    
  -13.0741892    
  -13.7440252    
  -14.0537767    
  -15.1369753    
  -15.7750034    
  -14.8348417    
  -15.1962214    
  -14.0841227    
  -15.2852879    
  -14.9739647    
  -15.3297453    
  -14.3223324    
  -14.2703590    
  -14.6655388    
  -15.4047565    
  -15.7092838    
  -15.6143885    
  -15.4914274    
  -14.5876513    
  -15.0367012    
  -14.8055439    
  -14.9375734    
  -14.3504944    
  -14.5158300    
  -14.6165142    
  -14.5972881    
  -14.3904457    
  -14.9287186    
  -14.7649994    
  -14.5177765    
  -14.8275528    
  -14.5604582    
  -14.0199652    
  -13.9748793    
  -13.8380594    
  -13.3961601    
  -13.8287945    
  -13.9992285    
  -13.9776640    
  -13.8937597    
  -13.9670925    
  -13.5205202    
  -13.5765562    
  -13.8393173    
  -14.0027027    
  -13.4060364    
  -13.9278402    
  -13.3892965    
  -13.6167517    
  -14.3154831    
  -13.4027853    
  -14.0263491    
  -14.0285807    
  -14.1627293    
  -14.3550558    
  -13.6577225    
  -13.2756109    
  -12.4045725    
  -13.3989048    
  -13.6997995    
  -14.1852579    
  -13.4407148    
  -13.6332502    
  -13.9835014    
  -13.8989658    
  -14.0106125    
  -14.1180887    
  -14.0678329    
  -14.4338846    
  -14.4124804    
  -14.7159843    
  -14.7604237    
  -14.6727209    
  -14.0646439    
  -14.2949867    
  -13.5153656    
  -13.0775814    
  -13.1950865    
  -13.0870113    
  -13.4597864    
  -14.3447838    
  -14.4705420    
  -14.1768370    
  -12.9187984    
  -13.7051744    
  -13.7504444    
  -12.8030128    
  -13.7950153    
  -13.9616547    
  -13.6164379    
  -13.6053505    
  -13.5103426    
  -13.3505878    
  -13.5038948    
  -13.8952312    
  -13.1001425    
  -13.4601498    
  -13.4989548    
  -13.5905313    
  -13.5557785    
  -14.2090721    
  -14.0755978    
  -13.1897278    
  -13.0597095    
  -13.4440660    
  -13.9922428    
  -14.1894054    
  -14.2850084    
  -13.6984844    
  -13.6126661    
  -14.2094927    
  -13.9054270    
  -13.5370636    
  -14.2243614    
  -14.3114004    
  -13.6155558    
  -13.7537069    
  -14.5130510    
  -15.6087503    
  -14.6562872    
  -14.4197292    
  -14.1565437    
  -14.1344795    
  -13.5204344    
  -13.6699810    
  -13.9800806    
  -14.1894684    
  -13.9036322    
  -14.5559473    
  -14.2891760    
  -14.7178650    
  -15.2732735    
  -15.3055363    
  -15.4697151    
  -15.8039713    
  -15.4237738    
  -15.4369411    
  -14.9386749    
  -14.7145910    
  -14.7595663    
  -14.5738373    
  -14.7842388    
  -14.3792248    
  -12.7988005    
  -12.9779644    
  -12.1188459    
  -13.2195082    
  -14.3030014    
  -14.1069937    
  -13.6515198    
  -13.7652245    
  -13.5598259    
  -13.7491083    
  -12.3503141    
  -12.0792179    
  -12.7311640    
  -14.3300714    
  -14.4704485    
  -14.6191168    
  -15.1389360    
  -14.7151604    
  -14.6821785    
  -13.6105042    
  -13.7129040    
  -13.6015673    
  -12.9510279    
  -13.5766354    
  -12.8583736    
  -12.6677570    
  -14.3835125    
  -14.3988180    
  -15.2507544    
  -15.2908583    
  -14.6705914    
  -15.1529169    
  -15.3739481    
  -15.3822060    
  -15.6781130    
  -15.5332117    
  -14.6565685    
  -16.5132751    
  -15.9772367    
  -16.6766815    
  -16.1047630    
  -15.5806789    
  -15.6677504    
  -16.0183315    
  -16.1637173    
  -16.2844105    
  -16.1822643    
  -15.5405788    
  -14.8361559    
  -15.5653248    
  -15.1273222    
  -13.9807339    
  -14.0683022    
  -15.6929722    
  -15.5290098    
  -14.8039351    
  -14.1583090    
  -14.0545712    
  -14.5934334    
  -14.2965460    
  -14.8046227    
  -14.6645546    
  -14.6977577    
  -14.4723167    
  -14.6903334    
  -14.6630116    
  -15.2206211    
  -15.3446388    
  -15.1585360    
  -14.8024149    
  -14.7105379    
  -14.5406218    
  -14.8442907    
  -15.1487932    
  -15.2403088    
  -15.9808817    
  -15.2668438    
  -15.0596924    
  -14.4993095    
  -14.0407190    
  -14.0171700    
  -14.8916178    
  -14.6423922    
  -14.6137075    
  -13.3774328    
  -14.1791334    
  -14.5580435    
  -14.9409161    
  -15.3936872    
  -14.9708004    
  -15.1660862    
  -14.8492060    
  -14.2762585    
  -14.6764507    
  -14.6830692    
  -14.7773752    
  -14.8298187    
  -13.8002901    
  -15.0424156    
  -15.1563435    
  -14.8863182    
  -14.4798050    
  -14.8399639    
  -15.2210598    
  -14.6851883    
  -13.9265423    
  -13.8286915    
  -14.2735901    
  -14.7794008    
  -14.5047817    
  -14.9003906    
  -14.8713007    
  -15.0897484    
  -13.9037418    
  -14.4568558    
  -14.5284700    
  -14.3397522    
  -14.1774578    
  -14.2555342    
  -14.2123537    
  -13.9854670    
  -13.2873335    
  -14.4341316    
  -13.9136200    
  -14.2352419    
  -14.3022766    
  -14.0516758    
  -13.2218924    
  -13.6886511    
  -12.8099909    
  -13.0196552    
  -11.7465839    
  -12.8017359    
  -13.6748247    
  -12.9463825    
  -12.7636852    
  -13.1180401    
  -13.5383453    
  -14.2201843    
  -14.1462078    
  -14.7421551    
  -15.0473957    
  -15.2016897    
  -14.1344719    
  -14.4347353    
  -13.9792862    
  -14.3212624    
  -14.9010372    
  -14.7958984    
  -14.2757359    
  -15.0410919    
  -14.7957706    
  -14.8397274    
  -14.4934044    
  -14.4468651    
  -14.7572565    
  -14.5579300    
  -14.8676090    
  -15.3776617    
  -14.9038324    
  -15.0344191    
  -15.4749308    
  -15.0235729    
  -14.9562502    
  -14.9391489    
  -14.8860722    
  -15.4744158    
  -15.5219994    
  -14.6891136    
  -12.7471142    
  -12.1436377    
  -13.6020908    
  -14.3816442    
  -14.6060553    
  -14.5944567    
  -14.8414030    
  -13.7028866    
  -13.8875694    
  -14.1724968    
  -14.5553303    
  -15.1615686    
  -15.4977369    
  -15.5246353    
  -15.4186687    
  -15.3329582    
  -15.4463758    
  -14.9574747    
  -14.7413683    
  -14.1427956    
  -13.4044342    
  -13.6565456    
  -13.3039522    
  -13.5201788    
  -13.5305786    
  -14.2152348    
  -14.6590118    
  -13.3734646    
  -13.5700073    
  -13.7931929    
  -13.5917301    
  -12.0823984    
  -12.9268417    
  -11.6995888    
  -12.5985479    
  -12.9883080    
  -13.4084415    
  -13.3451757    
  -14.0722265    
  -13.8340025    
  -13.3826647    
  -12.3535185    
  -12.4166193    
  -12.4940252    
  -12.0695915    
  -12.2744827    
  -12.3388424    
  -13.0505791    
  -12.7448263    
  -12.2077570    
  -12.4603710    
  -12.5424166    
  -12.7218103    
  -12.9045057    
  -13.1358480    
  -12.8331461    
  -13.1188927    
  -13.7449589    
  -13.5885181    
  -14.2267714    
  -14.2458544    
  -14.1268711    
  -13.7990475    
  -12.9929857    
  -13.1003742    
  -12.5726118    
  -13.0308590    
  -10.7568398    
  -11.0096474    
  -12.4584875    
  -13.0903959    
  -12.3652496    
  -13.4470387    
  -13.9755993    
  -13.5722094    
  -13.5610914    
  -13.0978622    
  -12.9259653    
  -13.5403900    
  -13.7371168    
  -14.0547447    
  -14.2353668    
  -13.9161568    
  -14.0149240    
  -14.3606472    
  -14.8831415    
  -15.0807991    
  -14.6844559    
  -14.7255783    
  -13.7907047    
  -14.1881533    
  -14.4702587    
  -13.1947470    
  -13.8020105    
  -13.7679319    
  -13.6350784    
  -13.0921869    
  -12.7349434    
  -12.7889385    
  -12.5750151    
  -12.4815664    
  -12.5591516    
  -13.6735811    
  -13.6205463    
  -13.4547062    
  -13.2934427    
  -12.9971533    
  -12.9610109    
  -13.2514544    
  -12.8951025    
  -12.3878546    
  -13.3410015    
  -13.4017582    
  -13.3401213    
  -13.0954857    
  -13.5333710    
  -13.4324818    
  -13.6081429    
  -13.1061726    
  -14.1335487    
  -13.4115992    
  -13.3622885    
  -13.5990200    
  -13.7655754    
  -12.8956079    
  -13.5844603    
  -13.4353399    
  -13.9197912    
  -12.8028002    
  -13.0736895    
  -13.8743973    
  -14.8158693    
  -14.1064444    
  -13.6260881    
  -13.3946218    
  -12.9665775    
  -13.0908346    
  -13.7710180    
  -13.3199492    
  -13.3356600    
  -12.5011005    
  -13.3372078    
  -13.5138769    
  -13.1190939    
  -12.4742680    
  -12.5486355    
  -13.6500206    
  -13.6657867    
  -12.9377480    
  -12.4220600    
  -12.7482433    
  -12.1605749    
  -12.3863955    
  -12.4473925    
  -12.7427330    
  -13.0698137    
  -12.9278269    
  -12.2433920    
  -12.3921614    
  -12.6076412    
  -12.5254421    
  -12.0927076    
  -11.9022331    
  -11.7206831    
  -11.2092638    
  -11.7984819    
  -12.0441027    
  -10.7212715    
  -11.3951235    
  -11.4773941    
  -11.9547920    
  -11.5988874    
  -11.2595387    
  -10.4614801    
  -11.8803358    
  -10.8826122    
  -11.2572813    
  -11.7850180    
  -11.6358309    
  -11.6146736    
  -12.5270634    
  -13.5494347    
  -12.9712868    
  -12.8528967    
  -12.7715530    
  -12.5332394    
  -12.9491520    
  -12.0520554    
  -12.9550209    
  -12.4341793    
  -12.7116442    
  -12.2642832    
  -12.6197872    
  -12.6230946    
  -13.0940542    
  -13.3967876    
  -13.5937767    
  -13.6786633    
  -13.1672125    
  -13.5269623    
  -12.4036083    
  -10.8505774    
  -12.0605593    
  -12.6482658    
  -12.8397808    
  -12.8015251    
  -12.8512449    
  -12.8401213    
  -13.0888424    
  -12.2849522    
  -12.1048164    
  -12.2317896    
  -12.8090057    
  -12.5136900    
  -12.6264772    
  -13.2128544    
  -13.4768572    
  -13.6908703    
  -13.6731997    
  -13.4968071    
  -13.5882950    
  -13.3893661    
  -13.1061029    
  -13.4922752    
  -13.4155865    
  -13.0477953    
  -14.2715025    
  -14.5136881    
  -13.3647060    
  -13.0104179    
  -12.8581448    
  -12.8838863    
  -12.1463709    
  -11.9227467    
  -12.2377405    
  -11.7778864    
  -12.8870535    
  -13.0310259    
  -12.9752588    
  -12.7239418    
  -13.4012575    
  -14.0658712    
  -13.8741055    
  -12.7860508    
  -13.8957214    
  -13.6319208    
  -13.9660931    
  -15.2456379    
  -15.0606289    
  -15.2407656    
  -14.7910652    
  -15.3794365    
  -13.9461498    
  -13.6904421    
  -14.3544798    
  -14.3560114    
  -14.5303745    
  -14.0763235    
  -13.7069864    
  -14.3951120    
  -14.2366962    
  -14.7426615    
  -14.6923723    
  -14.7115850    
  -14.5112524    
  -14.3350954    
  -14.1148300    
  -14.8916874    
  -15.2412376    
  -15.4981670    
  -15.5224915    
  -14.6476126    
  -14.6222897    
  -13.5327568    
  -15.3715792    
  -14.6118813    
  -14.6896362    
  -15.2266541    
  -14.5783291    
  -14.3655167    
  -13.3808775    
  -14.0720520    
  -14.0791979    
  -15.1759109    
  -14.9256477    
  -13.5640516    
  -14.4307795    
  -13.7438612    
  -13.6374607    
  -14.5302820    
  -14.9758215    
  -15.0182056    
  -15.0535812    
  -15.0238562    
  -15.0192862    
  -14.8709412    
  -14.4966335    
  -14.6216497    
  -14.1791201    
  -14.2957726    
  -13.7192230    
  -13.4576321    
  -13.5932550    
  -13.7855673    
  -13.3065186    
  -14.4328270    
  -15.1053324    
  -13.4929447    
  -14.7344694    
  -14.6219025    
  -13.4623756    
  -12.5259399    
  -13.3812056    
  -12.6995401    
  -11.6747322    
  -13.5464878    
  -13.4466267    
  -13.4102449    
  -13.8103724    
  -13.6158638    
  -13.3241768    
  -12.9884624    
  -13.0666771    
  -12.7839680    
  -11.6931658    
  -12.5321932    
  -12.9977922    
  -12.7266178    
  -12.9236870    
  -13.1864605    
  -14.0852642    
  -14.1415977    
  -14.0356913    
  -13.8533134    
  -13.8148823    
  -12.8159151    
  -13.1402960    
  -13.4948940    
  -13.3571510    
  -13.5901241    
  -13.3541107    
  -13.9309387    
  -14.4150915    
  -13.6356602    
  -14.5468369    
  -14.1758547    
  -14.1518297    
  -14.1050367    
  -12.6321182    
  -13.9435043    
  -13.9322147    
  -14.6474276    
  -13.3036633    
  -14.8555088    
  -15.1839685    
  -14.9520779    
  -15.0822687    
  -14.4180460    
  -12.9722681    
  -13.9831648    
  -14.1219282    
  -14.1087646    
  -13.9330864    
  -13.5328674    
  -13.2956734    
  -13.1517735    
  -12.5641937    
  -11.8599358    
  -12.0679388    
  -11.6447172    
  -12.6947613    
  -12.8450871    
  -13.1502037    
  -12.8870449    
  -12.3675308    
  -12.2906599    
  -12.2452431    
  -12.4025631    
  -13.0920429    
  -12.7473440    
  -13.7165270    
  -13.8797646    
  -14.3876896    
  -12.9068050    
  -11.7251034    
  -12.5061131    
  -12.8950062    
  -12.9604006    
  -12.4523678    
  -12.3345871    
  -12.1973429    
  -10.2216978    
  -11.7478552    
  -12.4270649    
  -12.4348440    
  -12.6248732    
  -13.0467691    
  -13.7178392    
  -13.6228819    
  -13.7616777    
  -13.4429302    
  -12.8074360    
  -12.3168335    
  -12.8438101    
  -13.4304514    
  -12.6591835    
  -12.7084789    
  -13.2549725    
  -12.6877203    
  -12.9852781    
  -12.2920446    
  -12.7872686    
  -11.4764824    
  -13.2944326    
  -13.1938610    
  -12.6501760    
  -13.0580034    
  -13.4723673    
  -13.2924929    
  -13.7749166    
  -14.1118660    
  -13.6271391    
  -13.6107616    
  -13.4785519    
  -13.0161543    
  -13.2759113    
  -13.3023224    
  -12.9555607    
  -12.8604965    
  -13.5794897    
  -12.4292860    
  -12.4368525    
  -12.7177773    
  -12.0479650    
  -11.5980349    
  -12.0788851    
  -12.8093843    
  -14.0631285    
  -13.3720112    
  -14.0020351    
  -13.5589714    
  -13.0667543    
  -13.5457716    
  -13.2791805    
  -13.2781010    
  -13.8544044    
  -13.6514864    
  -12.9576836    
  -13.2073708    
  -13.1930075    
  -13.6461010    
  -13.5733347    
  -13.7547436    
  -12.7932434    
  -12.9595051    
  -12.4518623    
  -12.6977606    
  -12.3597860    
  -12.3874807    
  -13.3036890    
  -13.2860794    
  -12.9070425    
  -12.5881119    
  -11.5769300    
  -11.5102987    
  -12.0801535    
  -12.4266596    
  -12.0418205    
  -11.7853012    
  -12.1246834    
  -13.1051540    
  -13.2840996    
  -12.9469719    
  -12.9151211    
  -12.8616276    
  -12.5706682    
  -13.1640415    
  -13.2518206    
  -13.1938877    
  -12.5624752    
  -13.1272106    
  -12.8850536    
  -12.5651903    
  -13.0834141    
  -13.2225819    
  -13.8390741    
  -12.5145636    
  -13.9579678    
  -13.6362648    
  -13.7352848    
  -12.7566977    
  -13.4640789    
  -13.3519869    
  -13.0091801    
  -13.9857035    
  -12.7083349    
  -13.7813501    
  -13.5063763    
  -12.7056389    
  -13.5569572    
  -13.3366575    
  -12.8110542    
  -12.7192650    
  -12.8431854    
  -13.6290808    
  -14.4311724    
  -14.1696539    
  -13.2580976    
  -12.8287134    
  -12.7321949    
  -12.7891598    
  -12.7921648    
  -13.0350761    
  -13.5008545    
  -13.1479206    
  -13.1721401    
  -13.4577770    
  -13.6190844    
  -12.9315472    
  -13.9578953    
  -14.1260166    
  -14.3636417    
  -14.0008030    
  -13.6551399    
  -13.7114639    
  -13.6448984    
  -13.5577812    
  -13.0193481    
  -13.5018721    
  -13.7738161    
  -13.6728067    
  -13.8880615    
  -14.0989418    
  -14.2509890    
  -14.6238546    
  -13.9532738    
  -13.4078808    
  -14.0178432    
  -14.1508512    
  -13.3521833    
  -13.5084076    
  -14.0933390    
  -12.6203547    
  -14.1828308    
  -13.6734133    
  -12.1978607    
  -13.8649063    
  -14.3602562    
  -13.6955767    
  -13.0245705    
  -13.5226212    
  -13.6677361    
  -13.2073555    
  -13.3820944    
  -13.3104982    
  -13.1323910    
  -13.8121729    
  -13.6963129    
  -13.9873018    
  -13.8331232    
  -13.5998573    
  -13.9050760    
  -14.2467356    
  -14.4106426    
  -14.3810549    
  -13.8340349    
  -14.0872469    
  -14.0411243    
  -14.3585663    
  -13.6381035    
  -13.0099888    
  -13.5886688    
  -13.5749445    
  -12.5530710    
  -11.6810236    
  -13.2479591    
  -14.0781860    
  -14.0756531    
  -13.1324301    
  -13.2151194    
  -14.4361200    
  -14.2311020    
  -13.7616272    
  -12.9673347    
  -13.2595015    
  -12.9877586    
  -12.7539644    
  -12.7158804    
  -13.0987530    
  -12.8794756    
  -11.0364447    
  -11.7621984    
  -10.9559956    
  -10.8970251    
  -12.0872478    
  -12.0253258    
  -12.2338648    
  -12.9050255    
  -13.6465635    
  -13.7283716    
  -15.0466032    
  -14.1056652    
  -14.4331102    
  -14.5700617    
  -14.1293278    
  -14.0751677    
  -14.0936394    
  -14.4188728    
  -15.1746101    
  -15.1911278    
  -15.1308651    
  -14.2264290    
  -14.4697409    
  -14.7744389    
  -14.3135500    
  -13.9960537    
  -13.9910021    
  -13.1399899    
  -13.2972698    
  -14.1750154    
  -14.8010006    
  -14.5575829    
  -14.4872379    
  -13.7176952    
  -13.0058508    
  -13.8673439    
  -13.4859304    
  -12.8458042    
  -14.0560398    
  -14.3811569    
  -13.3998756    
  -14.3883905    
  -14.1597490    
  -13.7348356    
  -13.6775684    
  -13.8240423    
  -13.3312273    
  -14.3324327    
  -13.9063778    
  -13.4935570    
  -13.6651888    
  -13.6869125    
  -13.5548124    
  -13.0257912    
  -12.9919767    
  -13.3157644    
  -13.3618546    
  -13.6683636    
  -13.4945850    
  -13.6034164    
  -13.1105118    
  -12.8324156    
  -12.4275131    
  -12.0054083    
  -12.5834703    
  -13.3741646    
  -13.4807148    
  -13.2043772    
  -13.0715351    
  -12.6291504    
  -13.4979515    
  -13.4757090    
  -13.0339117    
  -13.2426138    
  -13.0331612    
  -12.9925146    
  -13.4614201    
  -13.8062477    
  -14.1965971    
  -13.8922234    
  -13.9089203    
  -13.6440973    
  -13.8569613    
  -13.7708855    
  -13.6328440    
  -14.2044973    
  -13.2661991    
  -13.2430630    
  -13.1983967    
  -12.6987190    
  -13.1740723    
  -12.5788975    
  -12.5892916    
  -13.5439987    
  -14.5433016    
  -14.3614740    
  -14.1445541    
  -13.4462690    
  -13.3245649    
  -13.4306860    
  -13.7718506    
  -13.6860123    
  -12.7268848    
  -12.6990242    
  -13.9815092    
  -13.6001835    
  -14.6660080    
  -14.1093292    
  -14.2220440    
  -14.3352976    
  -14.7427540    
  -13.9698067    
  -13.3926344    
  -13.9475279    
  -14.8175335    
  -14.6774969    
  -13.7575321    
  -14.5571623    
  -13.1618395    
  -13.2268515    
  -12.1891823    
  -13.3412371    
  -14.7242699    
  -13.7138634    
  -14.3286352    
  -14.2105722    
  -13.9301558    
  -14.4907684    
  -13.4864807    
  -13.1991673    
  -13.5587311    
  -14.8411160    
  -15.1668406    
  -14.8056364    
  -14.4397039    
  -13.8521538    
  -13.9672670    
  -14.6185284    
  -13.9792309    
  -14.5026360    
  -14.7971210    
  -15.0234165    
  -14.9654636    
  -14.0736837    
  -13.1829796    
  -13.0524588    
  -13.1126871    
  -13.0624027    
  -12.9333143    
  -13.2899609    
  -13.1032019    
  -13.7857161    
  -13.7587070    
  -13.9766293    
  -14.0037212    
  -14.1809177    
  -13.8468590    
  -13.5004139    
  -13.6055889    
  -13.9045734    
  -14.2293749    
  -14.5253181    
  -13.2382193    
  -13.7058086    
  -13.7842150    
  -13.2706003    
  -13.4124174    
  -13.6055784    
  -13.6663160    
  -13.2751989    
  -13.5246878    
  -13.3226547    
  -13.2372141    
  -13.4961157    
  -14.0372610    
  -13.4222832    
  -13.3327417    
  -13.4031553    
  -13.1561279    
  -13.3201809    
  -14.0681477    
  -13.8406734    
  -13.9857597    
  -13.3337851    
  -13.6939945    
  -13.3770733    
  -13.4289646    
  -13.4824715    
  -12.5064735    
  -12.7691612    
  -12.5840263    
  -12.9953995    
  -12.1510611    
  -12.6182346    
  -12.8630657    
  -12.7541180    
  -12.3853292    
  -12.5617476    
  -12.3490858    
  -13.2031536    
  -14.1196384    
  -13.0401554    
  -13.6063108    
  -14.5463190    
  -14.0093145    
  -13.9814100    
  -13.5472527    
  -14.5998287    
  -13.8036900    
  -13.9506893    
  -14.5324898    
  -14.1409683    
  -14.2386723    
  -13.6301136    
  -14.1866570    
  -14.4957800    
  -14.0355644    
  -14.5823507    
  -14.3315887    
  -14.2498407    
  -14.2350521    
  -13.9227304    
  -13.5321875    
  -13.3994579    
  -13.7278996    
  -13.1744032    
  -13.7743626    
  -13.7444420    
  -13.7172308    
  -14.0165710    
  -13.1821594    
  -12.5497627    
  -12.2030325    
  -12.2819510    
  -13.3285713    
  -13.0540171    
  -13.4970016    
  -13.4900551    
  -13.7315216    
  -13.4881115    
  -13.1269026    
  -13.2337561    
  -13.9157782    
  -14.5983849    
  -14.3414793    
  -14.1231298    
  -13.2707682    
  -14.8053751    
  -14.8811512    
  -13.9528818    
  -13.5442228    
  -13.3069735    
  -13.8235254    
  -13.9504623    
  -14.2345629    
  -13.5861387    
  -13.3998528    
  -14.0242329    
  -14.0846272    
  -14.7575417    
  -14.5922461    
  -14.1149845    
  -13.7005186    
  -14.1218510    
  -14.4636812    
  -14.4856386    
  -13.3220434    
  -14.1634731    
  -14.4035215    
  -14.5240250    
  -14.1370087    
  -13.8140011    
  -13.8142834    
  -14.2088966    
  -14.0236778    
  -14.2855110    
  -13.2708635    
  -14.1583395    
  -13.2822886    
  -14.0363503    
  -12.9796524    
  -11.9063759    
  -13.7226534    
  -12.6843462    
  -14.3173876    
  -14.2143316    
  -14.9159298    
  -14.4681387    
  -13.6858530    
  -13.2905130    
  -13.6034813    
  -12.8445139    
  -13.1650829    
  -13.2282228    
  -12.8414869    
  -13.9109030    
  -13.5582085    
  -14.2453117    
  -14.0959663    
  -13.2657280    
  -13.3311758    
  -11.9514236    
  -12.1787195    
  -12.5324879    
  -12.3543768    
  -11.7637901    
  -11.8769941    
  -11.0769262    
  -11.9128857    
  -12.6897125    
  -12.0008745    
  -11.8073273    
  -11.9985790    
  -13.0989637    
  -13.0178776    
  -12.5637913    
  -12.5576706    
  -12.5055933    
  -12.7294016    
  -11.4436569    
  -11.3716974    
  -12.4323435    
  -11.7530537    
  -12.1930599    
  -13.4166822    
  -13.1331968    
  -13.2086964    
  -13.1392174    
  -12.6536131    
  -12.9714870    
  -12.6895294    
  -12.7600145    
  -12.4913034    
  -11.5636473    
  -11.8812971    
  -12.2336531    
  -12.0565090    
  -11.9176979    
  -12.0316916    
  -12.2805958    
  -11.8922338    
  -12.1703520    
  -11.5229683    
  -11.5679331    
  -11.4097443    
  -11.5346136    
  -11.6433334    
  -12.1251717    
  -11.4749889    
  -11.6757860    
  -11.6310883    
  -11.9186831    
  -10.6926355    
  -11.8167534    
  -11.7182636    
  -11.4706545    
  -11.6241608    
  -11.2857561    
  -10.8452644    
  -10.9454594    
  -11.6035089    
  -11.6888456    
  -11.9431295    
  -12.4561872    
  -12.6517801    
  -12.3760471    
  -12.5030298    
  -13.1233406    
  -13.7755852    
  -13.5091839    
  -12.8848591    
  -13.4241514    
  -12.9708920    
  -12.6624222    
  -12.9870586    
  -11.3606596    
  -12.2047768    
  -11.7510309    
  -12.0120287    
  -12.9546804    
  -13.1992617    
  -12.7073936    
  -12.3078499    
  -12.7526894    
  -13.3101978    
  -12.7812786    
  -13.3999081    
  -13.5320253    
